                                                                              [00m
                                  $\$                                           [00m
                                   $\$                                          [00m
                                    $\$                                         [00m
                                   [38;5;16m▄[38;5;16m▄[48;5;16;38;5;232m▄[48;5;16;38;5;235m▄[48;5;16;38;5;237m▄[48;5;16;38;5;238m▄[48;5;16;38;5;239m▄[48;5;16;38;5;240m▄[48;5;16;38;5;60m▄[38;5;60m▄[48;5;16;38;5;239m▄[48;5;16;38;5;239m▄[48;5;16;38;5;237m▄[48;5;16;38;5;235m▄[48;5;16;38;5;16m▄[49;38;5;16m▄[38;5;16m▄[39m                          [00m
                               [38;5;16m▄[38;5;16m▄[48;5;16;38;5;235m▄[48;5;16;38;5;242m▄[48;5;235;38;5;146m▄[48;5;60;38;5;146m▄[48;5;246;38;5;189m▄[48;5;146;38;5;146m▄[48;5;146;38;5;146m▄[48;5;146;38;5;146m▄[48;5;146;38;5;103m▄[48;5;146;38;5;103m▄[48;5;146;38;5;103m▄[38;5;103m▄[48;5;146;38;5;103m▄[48;5;146;38;5;103m▄[48;5;146;38;5;146m▄[48;5;103;38;5;146m▄[48;5;103;38;5;146m▄[48;5;238;38;5;146m▄[48;5;233;38;5;103m▄[48;5;16;38;5;237m▄[48;5;16;38;5;16m▄[49;38;5;16m▄[39m                       [00m
                             [38;5;16m▄[48;5;16;38;5;235m▄[48;5;233;38;5;247m▄[48;5;60;38;5;254m▄[48;5;249;38;5;254m▄[48;5;252;38;5;252m▄[48;5;189;38;5;146m▄[48;5;146;38;5;146m▄[48;5;146;38;5;146m▄[48;5;146;38;5;103m▄[48;5;103;38;5;103m▄[48;5;103;38;5;60m▄[48;5;103;38;5;60m▄[48;5;103;38;5;60m▄[48;5;103;38;5;239m▄[48;5;103;38;5;239m▄[48;5;103;38;5;60m▄[48;5;103;38;5;60m▄[48;5;103;38;5;60m▄[48;5;103;38;5;103m▄[48;5;103;38;5;103m▄[48;5;103;38;5;103m▄[48;5;146;38;5;103m▄[48;5;103;38;5;103m▄[48;5;60;38;5;146m▄[48;5;234;38;5;103m▄[48;5;16;38;5;237m▄[48;5;16;38;5;16m▄[49;38;5;16m▄[39m                    [00m
                           [38;5;16m▄[48;5;16;38;5;237m▄[48;5;236;38;5;250m▄[48;5;145;38;5;254m▄[48;5;254;38;5;253m▄[48;5;254;38;5;252m▄[48;5;252;38;5;146m▄[48;5;146;38;5;146m▄[48;5;146;38;5;242m▄[48;5;103;38;5;235m▄[48;5;239;38;5;16m▄[48;5;235;38;5;16m▄[48;5;233;38;5;16m▄[48;5;232;38;5;16m▄[49;38;5;16m▀[38;5;16m▀[38;5;16m▀▀[38;5;16m▀[38;5;16m▀[48;5;232;38;5;16m▄[48;5;234;38;5;16m▄[48;5;238;38;5;16m▄[48;5;60;38;5;233m▄[48;5;103;38;5;237m▄[48;5;103;38;5;103m▄[48;5;103;38;5;103m▄[48;5;146;38;5;103m▄[48;5;103;38;5;103m▄[48;5;237;38;5;103m▄[48;5;16;38;5;237m▄[48;5;16;38;5;16m▄[49;38;5;16m▄[39m                  [00m
                         [38;5;16m▄[48;5;16;38;5;16m▄[48;5;233;38;5;242m▄[48;5;248;38;5;253m▄[48;5;254;38;5;254m▄[48;5;254;38;5;252m▄[48;5;252;38;5;146m▄[48;5;146;38;5;146m▄[48;5;146;38;5;60m▄[48;5;60;38;5;16m▄[48;5;16;38;5;16m▄[49;38;5;16m▀[39m             [38;5;16m▀[48;5;16;38;5;16m▄[48;5;235;38;5;16m▄[48;5;96;38;5;235m▄[48;5;103;38;5;96m▄[48;5;103;38;5;103m▄[48;5;146;38;5;103m▄[48;5;103;38;5;146m▄[48;5;235;38;5;103m▄[48;5;16;38;5;232m▄[49;38;5;16m▄[39m                 [00m
                         [48;5;16;38;5;16m▄[48;5;236;38;5;102m▄[48;5;251;38;5;254m▄[48;5;254;38;5;253m▄[48;5;253;38;5;252m▄[48;5;146;38;5;146m▄[48;5;146;38;5;103m▄[48;5;60;38;5;233m▄[48;5;16;38;5;16m▄[49;38;5;16m▀[39m                 [38;5;16m▀[48;5;16;38;5;16m▄[48;5;236;38;5;16m▄[48;5;103;38;5;238m▄[48;5;103;38;5;103m▄[48;5;103;38;5;103m▄[48;5;146;38;5;146m▄[48;5;238;38;5;103m▄[48;5;16;38;5;16m▄[49;38;5;16m▄[39m                [00m
                        [48;5;16;38;5;16m▄[48;5;235;38;5;60m▄[48;5;251;38;5;254m▄[48;5;254;38;5;254m▄[48;5;188;38;5;252m▄[48;5;146;38;5;146m▄[48;5;103;38;5;60m▄[48;5;236;38;5;16m▄[48;5;16;38;5;16m▄[49;39m                     [48;5;16;38;5;16m▄[48;5;234;38;5;16m▄[48;5;103;38;5;60m▄[48;5;103;38;5;103m▄[48;5;103;38;5;103m▄[48;5;103;38;5;146m▄[48;5;235;38;5;239m▄[48;5;16;38;5;16m▄[49;39m                [00m
                      [38;5;16m▄[48;5;16;38;5;16m▄[48;5;233;38;5;237m▄[48;5;248;38;5;252m▄[48;5;254;38;5;254m▄[48;5;253;38;5;252m▄[48;5;146;38;5;146m▄[48;5;103;38;5;240m▄[48;5;234;38;5;16m▄[49;38;5;16m▀[39m                       [48;5;16;38;5;16m▄[48;5;238;38;5;236m▄[48;5;103;38;5;103m▄[48;5;103;38;5;103m▄[48;5;146;38;5;146m▄[48;5;60;38;5;242m▄[48;5;16;38;5;16m▄[49;39m                [00m
                [38;5;16m▄[38;5;16m▄[48;5;16;38;5;16m▄[48;5;16;38;5;234m▄[48;5;16;38;5;236m▄[48;5;16;38;5;238m▄[48;5;232;38;5;238m▄[48;5;233;38;5;238m▄[48;5;239;38;5;237m▄[48;5;102;38;5;236m▄[48;5;244;38;5;236m▄[48;5;244;38;5;237m▄[48;5;242;38;5;237m▄[48;5;236;38;5;237m▄[48;5;16;38;5;236m▄[48;5;16;38;5;233m▄[48;5;16;38;5;16m▄[49;38;5;16m▄[38;5;16m▄[39m                    [48;5;16;38;5;16m█[48;5;236;38;5;236m▄[48;5;103;38;5;103m▄[48;5;103;38;5;103m▄[48;5;146;38;5;146m▄[48;5;103;38;5;103m▄[48;5;16;38;5;16m▄[48;5;16;38;5;16m▄[49;39m               [00m
             [38;5;16m▄[48;5;16;38;5;16m▄[48;5;16;38;5;235m▄[48;5;232;38;5;239m▄[48;5;236;38;5;239m▄[48;5;239;38;5;237m▄[48;5;239;38;5;234m▄[48;5;238;38;5;233m▄[48;5;236;38;5;232m▄[48;5;235;38;5;233m▄[48;5;234;38;5;233m▄[48;5;234;38;5;233m▄[38;5;233m▄[38;5;233m▄[38;5;233m▄[48;5;234;38;5;234m▄[48;5;234m▄[48;5;235;38;5;234m▄[48;5;235;38;5;234m▄[48;5;234;38;5;234m▄[48;5;232;38;5;234m▄[48;5;16;38;5;16m▄[48;5;16;38;5;16m▄[49;39m                   [48;5;16;38;5;16m▄[48;5;237;38;5;238m▄[48;5;103;38;5;103m▄[48;5;103;38;5;103m▄[48;5;146;38;5;146m▄[48;5;103;38;5;103m▄[48;5;16;38;5;16m▄[48;5;16;38;5;16m▄[49;39m               [00m
           [38;5;16m▄[48;5;16;38;5;232m▄[48;5;232;38;5;237m▄[48;5;237;38;5;236m▄[48;5;239;38;5;232m▄[48;5;236;38;5;16m▄[48;5;233;38;5;16m▄[48;5;16;38;5;16m▄[48;5;16;38;5;16m▄[48;5;16;38;5;16m▄[48;5;16;38;5;16m▄[48;5;232;38;5;234m▄[48;5;242;38;5;249m▄[48;5;245;38;5;254m▄[48;5;242;38;5;251m▄[48;5;239;38;5;146m▄[48;5;236;38;5;60m▄[48;5;232;38;5;16m▄[48;5;232;38;5;16m▄[48;5;233;38;5;16m▄[48;5;233;38;5;16m▄[48;5;233;38;5;16m▄[48;5;233;38;5;16m▄[48;5;16;38;5;16m▄[48;5;16;38;5;16m▄[49;39m                  [48;5;16;38;5;16m▄[48;5;16;38;5;232m▄[48;5;60;38;5;60m▄[48;5;103;38;5;103m▄[48;5;146;38;5;146m▄[48;5;146;38;5;146m▄[48;5;242;38;5;96m▄[48;5;16;38;5;16m▄[49;39m                [00m
         [38;5;16m▄[48;5;16;38;5;16m▄[48;5;16;38;5;16m▄[48;5;233;38;5;16m▄[38;5;16m▄[48;5;16;38;5;16m▄[49;38;5;16m▀[38;5;16m▀[38;5;16m▀[39m   [48;5;16;38;5;16m▄[48;5;235;38;5;238m▄[48;5;250;38;5;252m▄[48;5;253;38;5;188m▄[48;5;146;38;5;146m▄[48;5;146;38;5;246m▄[48;5;237;38;5;233m▄[48;5;16;38;5;16m▄[49;39m [38;5;16m▀[38;5;16m▀[38;5;16m▀[38;5;16m▀[39m                    [48;5;16;38;5;16m▄[48;5;234;38;5;235m▄[48;5;103;38;5;103m▄[48;5;146;38;5;103m▄[48;5;146;38;5;103m▄[48;5;146;38;5;103m▄[48;5;60;38;5;239m▄[48;5;16;38;5;16m▄[49;38;5;16m▄[38;5;16m▄[38;5;16m▄[39m             [00m
        [48;5;16;38;5;16m▄[48;5;16;38;5;16m▄[48;5;16;38;5;16m▄[48;5;16;38;5;16m▄[49;38;5;16m▀[39m     [38;5;16m▄[38;5;16m▄[38;5;16m▄[48;5;16;38;5;16m▄[48;5;60;38;5;246m▄[48;5;253;38;5;254m▄[48;5;252;38;5;251m▄[48;5;146;38;5;146m▄[48;5;244;38;5;60m▄[48;5;16;38;5;16m▄[49;38;5;16m▀[39m                        [48;5;16;38;5;16m▄[48;5;16;38;5;232m▄[48;5;237;38;5;239m▄[48;5;59;38;5;237m▄[48;5;239;38;5;235m▄[48;5;238;38;5;234m▄[48;5;238;38;5;234m▄[48;5;238;38;5;235m▄[48;5;236;38;5;235m▄[48;5;234;38;5;236m▄[48;5;232;38;5;236m▄[48;5;16;38;5;235m▄[48;5;16;38;5;233m▄[48;5;16;38;5;16m▄[49;38;5;16m▄[38;5;16m▄[39m         [00m
        [38;5;16m▀[38;5;16m▀[38;5;16m▄[38;5;16m▄[48;5;16;38;5;233m▄[48;5;16;38;5;237m▄[48;5;16;38;5;241m▄[48;5;16;38;5;246m▄[48;5;16;38;5;248m▄[48;5;232;38;5;250m▄[48;5;234;38;5;251m▄[48;5;235;38;5;252m▄[48;5;237;38;5;188m▄[48;5;240;38;5;253m▄[48;5;251;38;5;254m▄[48;5;188;38;5;252m▄[48;5;146;38;5;251m▄[48;5;146;38;5;249m▄[48;5;238;38;5;238m▄[48;5;16;38;5;16m▄[49;38;5;16m▄[39m                        [48;5;16;38;5;16m▄[48;5;16;38;5;234m▄[48;5;234;38;5;237m▄[48;5;233;38;5;235m▄[48;5;233;38;5;235m▄[48;5;234;38;5;234m▄[48;5;234;38;5;234m█[38;5;233m▄[48;5;234;38;5;232m▄[38;5;233m▄[48;5;234;38;5;233m▄[48;5;234;38;5;233m▄[48;5;235;38;5;234m▄[48;5;233;38;5;234m▄[48;5;232;38;5;234m▄[48;5;16;38;5;233m▄[48;5;16;38;5;16m▄[49;38;5;16m▄[38;5;16m▄[39m      [00m
       [38;5;16m▄[48;5;16;38;5;16m▄[48;5;16;38;5;239m▄[48;5;235;38;5;252m▄[48;5;242;38;5;231m▄[48;5;250;38;5;231m▄[48;5;254m▄[48;5;231;38;5;231m▄[48;5;231;38;5;231m▄▄[48;5;231m▄[48;5;231m▄[48;5;231m▄[48;5;231;38;5;231m▄[48;5;255;38;5;231m▄[48;5;255;38;5;231m▄[48;5;255;38;5;231m▄[48;5;254;38;5;231m▄[48;5;253;38;5;255m▄[48;5;249;38;5;255m▄[48;5;59;38;5;253m▄[48;5;233;38;5;247m▄[48;5;16;38;5;238m▄[48;5;16;38;5;16m▄[49;38;5;16m▄[39m                     [48;5;16;38;5;16m▄[48;5;239;38;5;242m▄[48;5;146;38;5;252m▄[48;5;248;38;5;253m▄[48;5;246;38;5;252m▄[48;5;244;38;5;146m▄[48;5;235;38;5;234m▄[48;5;16;38;5;16m▄[49;38;5;16m▀[38;5;16m▀[48;5;16;38;5;16m▄[48;5;16;38;5;16m▄[48;5;232;38;5;16m▄[48;5;233;38;5;16m▄[48;5;234;38;5;16m▄[48;5;234;38;5;233m▄[48;5;233;38;5;234m▄[48;5;16;38;5;233m▄[48;5;16;38;5;16m▄[48;5;16;38;5;16m▄[49;38;5;16m▄[39m    [00m
     [38;5;16m▄[48;5;16;38;5;233m▄[48;5;232;38;5;246m▄[48;5;241;38;5;255m▄[48;5;253;38;5;231m▄[48;5;231;38;5;231m▄[48;5;231m▄[48;5;231m██[38;5;231m▄[38;5;231m▄[38;5;231m▄[48;5;231;38;5;231m▄[48;5;231;38;5;255m▄[48;5;231;38;5;255m▄[38;5;255m▄[48;5;231;38;5;231m▄[38;5;231m▄[48;5;231m▄[48;5;231;38;5;231m▄[48;5;231;38;5;231m█[48;5;231m▄[48;5;255;38;5;231m▄[48;5;254;38;5;255m▄[48;5;252;38;5;254m▄[48;5;244;38;5;253m▄[48;5;233;38;5;246m▄[48;5;16;38;5;235m▄[49;38;5;16m▄[39m                  [38;5;16m▄[48;5;16;38;5;233m▄[48;5;245;38;5;247m▄[48;5;252;38;5;188m▄[48;5;188m▄[48;5;252;38;5;252m▄[48;5;102;38;5;244m▄[48;5;232;38;5;16m▄[49;38;5;16m▀[39m     [38;5;16m▀[38;5;16m▀[48;5;16;38;5;16m▄[48;5;232;38;5;16m▄[48;5;234;38;5;16m▄[48;5;233;38;5;233m▄[48;5;16;38;5;233m▄[48;5;16;38;5;16m▄[49;38;5;16m▄[39m   [00m
    [48;5;16;38;5;16m▄[48;5;16;38;5;240m▄[48;5;245;38;5;255m▄[48;5;231;38;5;231m▄[48;5;231;38;5;231m▄[48;5;231m███[38;5;231m▄[48;5;231;38;5;254m▄[48;5;231;38;5;246m▄[48;5;252;38;5;101m▄[48;5;145;38;5;95m▄[48;5;246;38;5;240m▄[48;5;243;38;5;238m▄[48;5;101;38;5;238m▄[48;5;241;38;5;236m▄[48;5;242;38;5;235m▄[48;5;246m▄[48;5;251;38;5;236m▄[48;5;255;38;5;241m▄[48;5;231;38;5;250m▄[48;5;231;38;5;231m█[48;5;231m▄[48;5;231;38;5;231m▄[48;5;255;38;5;231m▄[48;5;254;38;5;255m▄[48;5;253;38;5;253m▄[48;5;247;38;5;252m▄[48;5;233;38;5;243m▄[48;5;16;38;5;16m▄[49;38;5;16m▄[39m            [38;5;16m▄[38;5;16m▄[38;5;16m▄[48;5;16;38;5;235m▄[48;5;16;38;5;238m▄[48;5;235;38;5;246m▄[48;5;250;38;5;253m▄[48;5;188;38;5;254m▄[48;5;188;38;5;254m▄[48;5;252;38;5;253m▄[48;5;244;38;5;250m▄[48;5;16;38;5;242m▄[48;5;16;38;5;239m▄[48;5;16;38;5;235m▄[48;5;16;38;5;232m▄[49;38;5;16m▄[38;5;16m▄[39m    [38;5;16m▀[38;5;16m▀[48;5;16;38;5;16m▄[48;5;233;38;5;16m▄[48;5;232;38;5;232m▄[48;5;16;38;5;16m▄[48;5;16;38;5;16m▄[49;39m  [00m
   [48;5;16;38;5;16m▄[48;5;233;38;5;236m▄[48;5;250;38;5;253m▄[48;5;231;38;5;231m▄[48;5;231;38;5;231m███[38;5;231m▄[48;5;231;38;5;255m▄[48;5;253;38;5;246m▄[48;5;244;38;5;59m▄[48;5;95;38;5;243m▄[48;5;243m▄[48;5;242m▄[48;5;241;38;5;243m▄[48;5;239;38;5;59m▄[48;5;239;38;5;239m▄[48;5;236;38;5;237m▄[48;5;235;38;5;235m▄[48;5;234;38;5;233m▄[48;5;233m█[48;5;232m▄[48;5;235;38;5;232m▄[48;5;248;38;5;235m▄[48;5;231;38;5;250m▄[48;5;231;38;5;231m▄[48;5;231;38;5;231m█[48;5;255;38;5;255m▄[48;5;254;38;5;254m▄[48;5;188;38;5;188m▄[48;5;250;38;5;252m▄[48;5;237;38;5;243m▄[48;5;16;38;5;16m▄[49;39m         [38;5;16m▄[38;5;16m▄[48;5;16;38;5;238m▄[48;5;16;38;5;248m▄[48;5;239;38;5;254m▄[48;5;247;38;5;231m▄[48;5;252m▄[48;5;255m▄[48;5;231;38;5;231m▄[48;5;231;38;5;231m▄[48;5;231;38;5;231m▄[48;5;255m▄[48;5;255;38;5;231m▄[48;5;255;38;5;231m▄[48;5;255;38;5;231m▄[48;5;254;38;5;231m▄[48;5;251;38;5;231m▄[48;5;248;38;5;255m▄[48;5;243;38;5;254m▄[48;5;237;38;5;252m▄[48;5;16;38;5;245m▄[48;5;16;38;5;236m▄[49;38;5;16m▄[38;5;16m▄[39m   [38;5;16m▀[48;5;16;38;5;16m▄[48;5;16;38;5;16m▄[48;5;16;38;5;16m▄[48;5;16;38;5;16m▄[49;39m [00m
   [48;5;16;38;5;16m▄[48;5;237;38;5;238m▄[48;5;253;38;5;188m▄[48;5;231;38;5;231m▄[48;5;231;38;5;231m███[48;5;231;38;5;231m█[48;5;188;38;5;249m▄[48;5;59;38;5;237m▄[48;5;240;38;5;239m▄[48;5;241;38;5;239m▄[48;5;243;38;5;241m▄[38;5;95m▄[48;5;242;38;5;240m▄[48;5;240;38;5;239m▄[48;5;239;38;5;238m▄[48;5;237;38;5;236m▄[48;5;235;38;5;234m▄[48;5;233;38;5;233m████[48;5;232;38;5;232m▄[48;5;240;38;5;234m▄[48;5;255;38;5;252m▄[48;5;231;38;5;231m▄[48;5;255;38;5;231m▄[48;5;254;38;5;254m▄[48;5;188;38;5;188m▄[48;5;252;38;5;252m▄[48;5;247;38;5;146m▄[48;5;233;38;5;235m▄[48;5;16;38;5;16m▄[49;39m      [38;5;16m▄[48;5;16;38;5;16m▄[48;5;16;38;5;102m▄[48;5;242;38;5;255m▄[48;5;254;38;5;231m▄[48;5;231;38;5;231m▄[48;5;231m▄[48;5;231m▄[48;5;231m███[38;5;231m▄[38;5;231m▄[38;5;231m▄▄[38;5;231m▄▄▄[38;5;231m██[48;5;255;38;5;231m▄[48;5;255;38;5;231m▄[48;5;254;38;5;255m▄[48;5;250;38;5;254m▄[48;5;242;38;5;253m▄[48;5;233;38;5;247m▄[48;5;16;38;5;236m▄[49;38;5;16m▄[39m   [48;5;16;38;5;16m▄[48;5;16;38;5;16m▄[48;5;16;38;5;16m▄[49;38;5;16m▄[39m[00m
   [48;5;16;38;5;16m▄[48;5;237;38;5;234m▄[48;5;188;38;5;250m▄[48;5;231;38;5;255m▄[48;5;231;38;5;231m▄[48;5;231;38;5;231m██[48;5;231;38;5;231m█[48;5;251;38;5;254m▄[48;5;235;38;5;238m▄[48;5;236;38;5;233m▄[48;5;238;38;5;236m▄[48;5;239;38;5;237m▄[48;5;239;38;5;238m▄[48;5;239;38;5;237m▄[48;5;238;38;5;236m▄[48;5;237;38;5;235m▄[48;5;235;38;5;233m▄[48;5;233;38;5;233m▄[48;5;233m████[48;5;233;38;5;232m▄[48;5;233;38;5;235m▄[48;5;250;38;5;188m▄[48;5;231;38;5;231m█[48;5;231;38;5;255m▄[48;5;254;38;5;254m▄[48;5;188;38;5;252m▄[48;5;251;38;5;146m▄[48;5;146;38;5;146m▄[48;5;235;38;5;235m▄[48;5;16;38;5;16m▄[49;39m     [38;5;16m▄[48;5;16;38;5;235m▄[48;5;241;38;5;251m▄[48;5;255;38;5;231m▄[48;5;231;38;5;231m▄[48;5;231m████[38;5;231m▄[48;5;231;38;5;255m▄[48;5;231;38;5;250m▄[48;5;255;38;5;247m▄[48;5;254;38;5;243m▄[48;5;188;38;5;241m▄[48;5;188;38;5;240m▄[38;5;240m▄[48;5;254;38;5;240m▄[48;5;255;38;5;244m▄[48;5;231;38;5;249m▄[38;5;255m▄[48;5;231;38;5;231m▄[38;5;231m▄[38;5;231m█[48;5;255m▄[48;5;254;38;5;255m▄[48;5;254;38;5;254m▄[48;5;248;38;5;253m▄[48;5;236;38;5;247m▄[48;5;16;38;5;235m▄[49;38;5;16m▄[39m   [38;5;16m▀[38;5;16m▀[39m[00m
   [38;5;16m▀[48;5;16;38;5;16m▄[48;5;102;38;5;237m▄[48;5;254;38;5;251m▄[48;5;255;38;5;255m▄[48;5;231;38;5;255m▄[38;5;231m▄[48;5;231;38;5;231m▄[38;5;231m█[48;5;247;38;5;255m▄[48;5;233;38;5;245m▄[48;5;233;38;5;234m▄[48;5;235;38;5;232m▄[48;5;235;38;5;233m▄[48;5;235;38;5;233m▄[48;5;234m▄[48;5;233m▄[48;5;233m████[38;5;232m▄[48;5;233;38;5;232m▄[48;5;232;38;5;240m▄[48;5;243;38;5;254m▄[48;5;231;38;5;231m▄[48;5;231;38;5;255m▄[48;5;255;38;5;254m▄[48;5;253;38;5;252m▄[48;5;251;38;5;146m▄[48;5;146;38;5;146m▄[48;5;246;38;5;242m▄[48;5;233;38;5;16m▄[49;38;5;16m▀[39m    [38;5;16m▄[48;5;16;38;5;232m▄[48;5;243;38;5;249m▄[48;5;231;38;5;231m▄[48;5;231;38;5;231m▄[48;5;231m███[38;5;231m▄[48;5;231;38;5;255m▄[48;5;253;38;5;245m▄[48;5;102;38;5;242m▄[48;5;101;38;5;241m▄[48;5;101;38;5;101m▄[48;5;242;38;5;101m▄[48;5;241;38;5;95m▄[48;5;239;38;5;239m▄[48;5;238;38;5;238m▄[48;5;236;38;5;236m█[48;5;235;38;5;235m▄[48;5;235;38;5;233m▄[48;5;239;38;5;232m▄[48;5;250;38;5;234m▄[48;5;231;38;5;248m▄[48;5;231;38;5;231m▄[48;5;231m▄[48;5;231;38;5;231m▄[48;5;255;38;5;255m▄[48;5;254;38;5;254m▄[48;5;188;38;5;188m▄[48;5;245;38;5;251m▄[48;5;232;38;5;239m▄[48;5;16;38;5;16m▄[49;39m    [00m
    [38;5;16m▀[48;5;16;38;5;16m▄[48;5;60;38;5;232m▄[48;5;188;38;5;245m▄[48;5;254;38;5;188m▄[48;5;255;38;5;254m▄[48;5;255;38;5;254m▄[48;5;231;38;5;255m▄[48;5;231;38;5;255m▄[48;5;231;38;5;231m▄[48;5;250;38;5;231m▄[48;5;240;38;5;254m▄[48;5;233;38;5;249m▄[48;5;232;38;5;244m▄[48;5;232;38;5;239m▄[48;5;233;38;5;237m▄[38;5;236m▄[38;5;237m▄[48;5;232;38;5;240m▄[48;5;232;38;5;102m▄[48;5;235;38;5;251m▄[48;5;244;38;5;255m▄[48;5;254;38;5;231m▄[48;5;231;38;5;255m▄[48;5;255;38;5;254m▄[48;5;254;38;5;252m▄[48;5;252;38;5;146m▄[48;5;146;38;5;146m▄[48;5;146;38;5;146m▄[48;5;146;38;5;60m▄[48;5;235;38;5;16m▄[48;5;16;38;5;16m▄[49;39m     [48;5;16;38;5;16m▄[48;5;235;38;5;237m▄[48;5;252;38;5;188m▄[48;5;231;38;5;231m▄[48;5;231;38;5;231m▄[38;5;231m██[48;5;231;38;5;231m▄[48;5;231;38;5;231m▄[48;5;248;38;5;243m▄[48;5;240;38;5;235m▄[48;5;240;38;5;236m▄[48;5;239;38;5;238m▄[48;5;240;38;5;238m▄[48;5;240;38;5;238m▄[48;5;240;38;5;238m▄[48;5;239;38;5;237m▄[48;5;237;38;5;236m▄[48;5;236;38;5;235m▄[48;5;234;38;5;233m▄[48;5;233;38;5;233m▄[48;5;233m█[48;5;232m▄[48;5;235;38;5;232m▄[48;5;250;38;5;242m▄[48;5;231;38;5;231m▄[48;5;231;38;5;231m▄[48;5;255;38;5;231m▄[48;5;254;38;5;254m▄[48;5;253;38;5;253m▄[48;5;252;38;5;252m▄[48;5;103;38;5;146m▄[48;5;232;38;5;235m▄[48;5;16;38;5;16m▄[49;39m   [00m
      [38;5;16m▀[48;5;233;38;5;16m▄[48;5;244;38;5;16m▄[48;5;252;38;5;239m▄[48;5;253;38;5;145m▄[48;5;253;38;5;252m▄[48;5;254;38;5;188m▄[48;5;254;38;5;188m▄[48;5;255;38;5;253m▄[48;5;255;38;5;253m▄[48;5;231;38;5;254m▄[48;5;255;38;5;254m▄[48;5;255;38;5;254m▄[48;5;253;38;5;254m▄[48;5;188;38;5;255m▄[48;5;253;38;5;254m▄[48;5;255;38;5;254m▄[48;5;255;38;5;253m▄[48;5;255;38;5;188m▄[48;5;255;38;5;252m▄[48;5;254;38;5;251m▄[48;5;188;38;5;146m▄[48;5;251;38;5;146m▄[48;5;146;38;5;146m▄[48;5;146;38;5;146m▄[48;5;146;38;5;239m▄[48;5;242;38;5;16m▄[48;5;232;38;5;16m▄[49;38;5;16m▀[39m      [48;5;16;38;5;16m▄[48;5;235;38;5;16m▄[48;5;252;38;5;248m▄[48;5;255;38;5;255m▄[48;5;231;38;5;231m▄[48;5;231;38;5;231m██[48;5;231;38;5;231m▄[48;5;231;38;5;231m▄[48;5;242;38;5;245m▄[48;5;234;38;5;232m▄[48;5;235;38;5;233m▄[48;5;236;38;5;234m▄[48;5;236;38;5;234m▄[48;5;236;38;5;235m▄[48;5;236;38;5;234m▄[48;5;236;38;5;234m▄[48;5;235;38;5;233m▄[48;5;233;38;5;233m▄[48;5;233m████[48;5;232;38;5;232m█[48;5;238;38;5;237m▄[48;5;255;38;5;254m▄[48;5;231;38;5;231m█[48;5;231;38;5;231m█[48;5;254;38;5;254m▄[48;5;253;38;5;188m▄[48;5;252;38;5;251m▄[48;5;146;38;5;146m▄[48;5;237;38;5;238m▄[48;5;16;38;5;16m▄[49;39m   [00m
        [38;5;16m▀[38;5;16m▀[48;5;234;38;5;16m▄[48;5;242;38;5;16m▄[48;5;146;38;5;236m▄[48;5;251;38;5;96m▄[48;5;252;38;5;246m▄[48;5;252;38;5;146m▄[48;5;252;38;5;146m▄[48;5;252;38;5;146m▄[38;5;146m▄[48;5;252;38;5;146m▄[48;5;252;38;5;146m▄[48;5;252;38;5;146m▄[48;5;252;38;5;146m▄[48;5;251;38;5;146m▄[48;5;146;38;5;146m▄[48;5;146;38;5;146m▄[48;5;146;38;5;247m▄[48;5;146;38;5;243m▄[48;5;146;38;5;237m▄[48;5;244;38;5;16m▄[48;5;236;38;5;16m▄[49;38;5;16m▀[38;5;16m▀[39m         [48;5;16;38;5;16m▄[48;5;60;38;5;234m▄[48;5;254;38;5;249m▄[48;5;255;38;5;255m▄[48;5;231;38;5;255m▄[38;5;231m▄[38;5;231m█[48;5;231m▄[48;5;188;38;5;231m▄[48;5;237;38;5;250m▄[48;5;232;38;5;236m▄[48;5;233;38;5;232m▄[38;5;233m▄[38;5;233m████████[38;5;232m▄[48;5;232;38;5;235m▄[48;5;241;38;5;250m▄[48;5;255;38;5;231m▄[48;5;231;38;5;231m▄[48;5;255;38;5;255m▄[48;5;254;38;5;253m▄[48;5;252;38;5;251m▄[48;5;146;38;5;146m▄[48;5;146;38;5;146m▄[48;5;237;38;5;234m▄[48;5;16;38;5;16m▄[49;39m   [00m
            [38;5;16m▀[38;5;16m▀[48;5;233;38;5;16m▄[48;5;236;38;5;16m▄[48;5;238;38;5;16m▄[48;5;60;38;5;16m▄[48;5;243;38;5;16m▄[48;5;246;38;5;233m▄[48;5;146;38;5;60m▄[48;5;146;38;5;96m▄[48;5;146;38;5;60m▄[48;5;146;38;5;60m▄[48;5;247;38;5;236m▄[48;5;239;38;5;16m▄[48;5;234;38;5;16m▄[49;38;5;16m▀[38;5;16m▀[38;5;16m▀[39m             [48;5;16;38;5;16m▄[48;5;239;38;5;16m▄[48;5;252;38;5;244m▄[48;5;254;38;5;188m▄[48;5;255;38;5;254m▄[48;5;255;38;5;254m▄[48;5;231;38;5;255m▄[48;5;231;38;5;231m▄[48;5;231;38;5;231m▄[48;5;252;38;5;231m▄[48;5;240;38;5;255m▄[48;5;233;38;5;248m▄[48;5;232;38;5;241m▄[48;5;232;38;5;236m▄[48;5;233;38;5;234m▄[38;5;233m▄▄[48;5;232;38;5;234m▄[48;5;232;38;5;238m▄[48;5;232;38;5;244m▄[48;5;236;38;5;252m▄[48;5;249;38;5;231m▄[48;5;231;38;5;231m▄[38;5;255m▄[48;5;255;38;5;254m▄[48;5;254;38;5;252m▄[48;5;252;38;5;146m▄[48;5;146;38;5;146m▄[48;5;146;38;5;146m▄[48;5;244;38;5;237m▄[48;5;16;38;5;16m▄[49;38;5;16m▀[39m   [00m
                  [48;5;16;38;5;16m▄[48;5;232;38;5;232m▄[48;5;238;38;5;60m▄[48;5;238;38;5;60m▄[48;5;238;38;5;60m▄[48;5;238;38;5;60m▄[48;5;235;38;5;237m▄[48;5;16;38;5;16m▄[49;39m                  [38;5;16m▀[48;5;233;38;5;16m▄[48;5;243;38;5;232m▄[48;5;252;38;5;243m▄[48;5;253;38;5;251m▄[48;5;254;38;5;188m▄[48;5;254;38;5;188m▄[48;5;255;38;5;253m▄[48;5;255;38;5;254m▄[48;5;231;38;5;254m▄[48;5;231;38;5;254m▄[48;5;255;38;5;255m▄[48;5;253;38;5;255m▄[48;5;251;38;5;231m▄[48;5;250;38;5;231m▄[48;5;250;38;5;231m▄[48;5;252;38;5;255m▄[48;5;254;38;5;255m▄[48;5;231;38;5;255m▄[48;5;231;38;5;254m▄[48;5;255;38;5;253m▄[48;5;254;38;5;252m▄[48;5;253;38;5;251m▄[48;5;252;38;5;146m▄[48;5;146;38;5;146m▄[48;5;146;38;5;146m▄[48;5;146;38;5;242m▄[48;5;60;38;5;232m▄[48;5;16;38;5;16m▄[49;38;5;16m▀[39m    [00m
                  [48;5;16;38;5;16m█[48;5;233;38;5;234m▄[48;5;60;38;5;96m▄[48;5;60;38;5;96m▄[48;5;60;38;5;60m▄[48;5;60;38;5;60m▄[48;5;237;38;5;237m█[48;5;16;38;5;16m█[49;39m                    [38;5;16m▀[48;5;16;38;5;16m▄[48;5;238;38;5;16m▄[48;5;247;38;5;233m▄[48;5;251;38;5;238m▄[48;5;252;38;5;247m▄[48;5;252;38;5;146m▄[48;5;188;38;5;146m▄[48;5;188;38;5;251m▄[48;5;253;38;5;251m▄[48;5;253;38;5;252m▄[48;5;253;38;5;252m▄[48;5;253;38;5;252m▄[48;5;253;38;5;251m▄[48;5;253;38;5;251m▄[48;5;188;38;5;251m▄[48;5;188;38;5;146m▄[48;5;252;38;5;146m▄[48;5;251;38;5;146m▄[48;5;146;38;5;146m▄[48;5;146;38;5;146m▄[48;5;146;38;5;243m▄[48;5;146;38;5;236m▄[48;5;240;38;5;16m▄[48;5;16;38;5;16m▄[49;38;5;16m▀[39m      [00m
                  [48;5;16;38;5;16m▄[48;5;234;38;5;234m▄[48;5;103;38;5;96m▄[48;5;103;38;5;103m▄[48;5;60;38;5;103m▄[48;5;60;38;5;103m▄[48;5;238;38;5;238m▄[48;5;16;38;5;16m▄[49;39m                       [38;5;16m▀[48;5;16;38;5;16m▄[48;5;238;38;5;233m▄[48;5;146;38;5;238m▄[48;5;146;38;5;60m▄[48;5;146;38;5;103m▄[48;5;146;38;5;103m▄[48;5;146;38;5;244m▄[48;5;146;38;5;240m▄[48;5;146;38;5;239m▄[48;5;146;38;5;239m▄[48;5;146;38;5;238m▄[48;5;146;38;5;237m▄[48;5;146;38;5;236m▄[48;5;146;38;5;234m▄[48;5;102;38;5;16m▄[48;5;60;38;5;16m▄[48;5;236;38;5;16m▄[48;5;16;38;5;16m▄[49;38;5;16m▀[38;5;16m▀[39m        [00m
                  [48;5;16;38;5;16m█[48;5;233;38;5;232m▄[48;5;96;38;5;60m▄[48;5;103;38;5;103m▄[48;5;103;38;5;103m█[48;5;103;38;5;103m█[48;5;239;38;5;239m▄[48;5;16;38;5;16m▄[49;39m                        [48;5;16;38;5;16m▄[48;5;234;38;5;235m▄[48;5;237;38;5;60m▄[48;5;236;38;5;238m▄[48;5;236;38;5;237m▄[48;5;237;38;5;237m▄[48;5;233;38;5;234m▄[48;5;16;38;5;16m▄[49;38;5;16m▀[38;5;16m▀[38;5;16m▀[38;5;16m▀[38;5;16m▀[38;5;16m▀[39m              [00m
                  [48;5;16;38;5;16m█[48;5;232;38;5;232m▄[48;5;60;38;5;60m▄[48;5;96;38;5;96m▄[48;5;103;38;5;103m█[48;5;103;38;5;103m█[48;5;239;38;5;60m▄[48;5;16;38;5;16m▄[49;39m [38;5;16m▄[38;5;16m▄[48;5;16;38;5;233m▄[48;5;16;38;5;235m▄[48;5;16;38;5;235m▄[48;5;16;38;5;232m▄[49;38;5;16m▄[39m                [48;5;16;38;5;16m▄[48;5;235;38;5;236m▄[48;5;60;38;5;60m▄[48;5;60;38;5;60m█[48;5;60;38;5;60m▄[48;5;60;38;5;60m▄[48;5;234;38;5;233m▄[48;5;16;38;5;16m▄[49;39m        [38;5;16m▄[38;5;16m▄[48;5;16;38;5;233m▄[38;5;233m▄[49;38;5;16m▄[38;5;16m▄[39m      [00m
                  [48;5;16;38;5;16m▄[48;5;232;38;5;232m▄[48;5;60;38;5;60m█[48;5;96;38;5;96m▄[48;5;103;38;5;103m█[48;5;103;38;5;103m█[48;5;60;38;5;60m▄[48;5;16;38;5;16m█[49;39m [48;5;16;38;5;16m▄[48;5;233;38;5;233m▄[48;5;60;38;5;60m▄[48;5;60;38;5;60m▄[48;5;60m▄[48;5;237;38;5;238m▄[48;5;16;38;5;16m▄[49;38;5;16m▄[39m               [48;5;16;38;5;16m▄[48;5;236;38;5;236m▄[48;5;60;38;5;60m█[48;5;60;38;5;60m█[48;5;60;38;5;60m▄[48;5;60;38;5;60m▄[48;5;233;38;5;233m▄[48;5;16;38;5;16m▄[49;39m       [48;5;16;38;5;16m▄[48;5;16;38;5;235m▄[48;5;237;38;5;103m▄[48;5;103;38;5;103m▄[48;5;96;38;5;60m▄[48;5;235;38;5;237m▄[48;5;16;38;5;16m▄[49;39m      [00m
                  [48;5;16;38;5;16m▄[48;5;232;38;5;232m▄[48;5;60;38;5;60m▄[48;5;103;38;5;103m▄[48;5;103;38;5;103m█[48;5;103;38;5;103m▄[48;5;60;38;5;60m▄[48;5;16;38;5;16m▄[49;39m [48;5;16;38;5;16m▄[48;5;234;38;5;234m▄[48;5;60;38;5;103m▄[48;5;96;38;5;103m▄[48;5;60;38;5;103m▄[48;5;60;38;5;60m▄[48;5;232;38;5;232m▄[48;5;16;38;5;16m▄[49;39m               [48;5;16;38;5;16m▄[48;5;236;38;5;236m█[48;5;60;38;5;60m█[48;5;60;38;5;60m█[48;5;60;38;5;60m█[48;5;60;38;5;60m▄[48;5;233;38;5;233m▄[48;5;16;38;5;16m▄[49;39m      [48;5;16;38;5;16m▄[48;5;16;38;5;236m▄[48;5;60;38;5;103m▄[48;5;103;38;5;103m▄[48;5;60;38;5;60m▄[48;5;60;38;5;60m▄[48;5;236;38;5;234m▄[48;5;16;38;5;16m▄[49;39m      [00m
                  [48;5;16;38;5;16m▄[48;5;232;38;5;232m▄[48;5;60;38;5;60m▄[48;5;103;38;5;103m▄[48;5;103;38;5;103m▄[48;5;103;38;5;103m▄[48;5;60;38;5;60m▄[48;5;16;38;5;232m▄[48;5;16;38;5;16m▄[48;5;16;38;5;16m█[48;5;233;38;5;233m▄[48;5;96;38;5;96m▄[48;5;103;38;5;103m██[48;5;96;38;5;96m▄[48;5;233;38;5;233m█[48;5;16;38;5;16m█[49;39m               [48;5;16;38;5;16m█[48;5;236;38;5;236m█[48;5;60;38;5;60m▄[48;5;60;38;5;60m█[48;5;60;38;5;60m▄[48;5;60;38;5;103m▄[48;5;233;38;5;233m▄[48;5;16;38;5;16m▄[49;39m     [48;5;16;38;5;16m▄[48;5;16;38;5;235m▄[48;5;60;38;5;103m▄[48;5;103;38;5;103m▄[48;5;103;38;5;60m▄[48;5;60;38;5;60m▄[48;5;238;38;5;234m▄[48;5;16;38;5;16m▄[49;38;5;16m▀[39m      [00m
                  [48;5;16;38;5;16m▄[48;5;232;38;5;16m▄[48;5;60;38;5;60m▄[48;5;103;38;5;103m▄[48;5;103;38;5;103m▄[48;5;103;38;5;103m▄[48;5;103;38;5;103m▄[48;5;232;38;5;233m▄[48;5;16;38;5;16m▄[48;5;16;38;5;16m▄[48;5;233;38;5;233m▄[48;5;96;38;5;60m▄[48;5;103;38;5;103m▄[48;5;103;38;5;103m▄[48;5;96;38;5;96m▄[48;5;233;38;5;233m█[48;5;16;38;5;16m█[49;39m               [48;5;16;38;5;16m▄[48;5;236;38;5;236m▄[48;5;60;38;5;60m▄[48;5;60;38;5;60m▄[48;5;103;38;5;103m▄[48;5;103;38;5;103m▄[48;5;233;38;5;233m▄[48;5;16;38;5;16m▄[49;39m    [48;5;16;38;5;16m▄[48;5;16;38;5;233m▄[48;5;239;38;5;103m▄[48;5;103;38;5;103m▄[48;5;103;38;5;103m▄[48;5;60;38;5;60m▄[48;5;60;38;5;236m▄[48;5;232;38;5;16m▄[49;38;5;16m▀[39m       [00m
                   [48;5;16;38;5;16m▄[48;5;239;38;5;238m▄[48;5;103;38;5;103m▄[48;5;103;38;5;103m▄[48;5;103;38;5;103m▄[48;5;103;38;5;103m▄[48;5;233;38;5;234m▄[48;5;16;38;5;16m▄[48;5;16;38;5;16m▄[48;5;232;38;5;232m▄[48;5;60;38;5;60m▄[48;5;103;38;5;103m█[48;5;103;38;5;103m▄[48;5;96;38;5;96m▄[48;5;233;38;5;233m▄[48;5;16;38;5;16m█[49;39m               [48;5;16;38;5;16m▄[48;5;236;38;5;236m▄[48;5;60;38;5;60m█[48;5;60;38;5;60m▄[48;5;103;38;5;103m▄[48;5;103;38;5;103m█[48;5;234;38;5;234m█[48;5;16;38;5;16m█[49;39m    [48;5;16;38;5;16m▄[48;5;236;38;5;60m▄[48;5;103;38;5;146m▄[48;5;103;38;5;103m▄[48;5;103;38;5;96m▄[48;5;60;38;5;60m▄[48;5;234;38;5;16m▄[48;5;16;38;5;16m▄[49;39m        [00m
                   [48;5;16;38;5;16m▄[48;5;238;38;5;237m▄[48;5;103;38;5;103m▄[48;5;103;38;5;103m█[48;5;103;38;5;103m█[48;5;103;38;5;103m▄[48;5;235;38;5;235m▄[48;5;16;38;5;16m▄[49;38;5;16m▀[48;5;232;38;5;232m▄[48;5;60;38;5;60m▄[48;5;103;38;5;103m█[48;5;103;38;5;103m▄[48;5;96;38;5;103m▄[48;5;233;38;5;233m▄[48;5;16;38;5;16m▄[49;39m               [48;5;16;38;5;16m▄[48;5;235;38;5;235m▄[48;5;60;38;5;60m▄[48;5;60;38;5;96m▄[48;5;103;38;5;103m▄[48;5;103;38;5;103m▄[48;5;234;38;5;234m█[48;5;16;38;5;16m█[49;39m   [48;5;16;38;5;16m▄[48;5;232;38;5;234m▄[48;5;243;38;5;103m▄[48;5;146;38;5;146m▄[48;5;103;38;5;103m▄[48;5;96;38;5;60m▄[48;5;237;38;5;236m▄[48;5;16;38;5;16m▄[49;38;5;16m▀[39m        [00m
                   [48;5;16;38;5;16m▄[48;5;237;38;5;237m▄[48;5;103;38;5;103m▄[48;5;103;38;5;103m▄[48;5;103;38;5;103m█[48;5;103;38;5;103m▄[48;5;236;38;5;237m▄[48;5;16;38;5;16m▄[49;39m [48;5;16;38;5;16m▄[48;5;60;38;5;60m▄[48;5;103;38;5;103m▄[48;5;103;38;5;103m▄[48;5;103;38;5;103m▄[48;5;234;38;5;234m▄[48;5;16;38;5;16m▄[49;39m               [48;5;16;38;5;16m▄[48;5;235;38;5;234m▄[48;5;60;38;5;60m▄[48;5;96;38;5;96m▄[48;5;103;38;5;103m▄[48;5;103;38;5;103m▄[48;5;233;38;5;234m▄[48;5;16;38;5;16m█[49;39m   [48;5;16;38;5;16m▄[48;5;236;38;5;238m▄[48;5;103;38;5;146m▄[48;5;146;38;5;146m▄[48;5;103;38;5;103m▄[48;5;60;38;5;60m▄[48;5;235;38;5;234m▄[48;5;16;38;5;16m▄[49;39m         [00m
                   [48;5;16;38;5;16m▄[48;5;236;38;5;236m▄[48;5;103;38;5;96m▄[48;5;103;38;5;103m▄[48;5;103;38;5;103m▄[48;5;103;38;5;146m▄[48;5;237;38;5;238m▄[48;5;16;38;5;16m▄[49;39m [48;5;16;38;5;16m▄[48;5;60;38;5;239m▄[48;5;103;38;5;103m▄[48;5;103;38;5;103m▄[48;5;103;38;5;103m▄[48;5;235;38;5;235m▄[48;5;16;38;5;16m▄[49;39m               [48;5;16;38;5;16m▄[48;5;234;38;5;234m▄[48;5;60;38;5;60m▄[48;5;60;38;5;60m▄[48;5;103;38;5;103m▄[48;5;103;38;5;103m█[48;5;234;38;5;234m█[48;5;16;38;5;16m█[49;39m   [48;5;16;38;5;16m▄[48;5;239;38;5;60m▄[48;5;146;38;5;146m▄[48;5;146;38;5;146m█[48;5;103;38;5;103m▄[48;5;60;38;5;60m▄[48;5;233;38;5;232m▄[48;5;16;38;5;16m▄[49;39m         [00m
                   [48;5;16;38;5;16m▄[48;5;235;38;5;235m▄[48;5;60;38;5;60m▄[48;5;103;38;5;103m▄[48;5;146;38;5;146m▄[48;5;146;38;5;146m▄[48;5;239;38;5;60m▄[48;5;16;38;5;16m▄[49;39m [48;5;16;38;5;16m▄[48;5;238;38;5;238m▄[48;5;103;38;5;103m▄[48;5;103;38;5;103m▄[48;5;103;38;5;103m▄[48;5;236;38;5;236m▄[48;5;16;38;5;16m▄[49;39m               [48;5;16;38;5;16m▄[48;5;234;38;5;233m▄[48;5;60;38;5;60m▄[48;5;60;38;5;60m▄[48;5;103;38;5;103m▄[48;5;103;38;5;103m▄[48;5;234;38;5;234m█[48;5;16;38;5;16m█[49;39m  [38;5;16m▄[48;5;16;38;5;16m▄[48;5;96;38;5;242m▄[48;5;146;38;5;146m█[48;5;146;38;5;146m█[48;5;103;38;5;103m▄[48;5;60;38;5;60m▄[48;5;232;38;5;232m▄[48;5;16;38;5;16m▄[49;39m         [00m
                   [48;5;16;38;5;16m▄[48;5;234;38;5;234m▄[48;5;60;38;5;60m▄[48;5;103;38;5;103m▄[48;5;146;38;5;146m▄[48;5;146;38;5;146m▄[48;5;243;38;5;244m▄[48;5;16;38;5;16m▄[49;39m [48;5;16;38;5;16m▄[48;5;237;38;5;235m▄[48;5;103;38;5;103m▄[48;5;103;38;5;103m▄[48;5;103;38;5;103m▄[48;5;237;38;5;238m▄[48;5;16;38;5;16m▄[49;39m               [48;5;16;38;5;16m▄[48;5;232;38;5;232m▄[48;5;60;38;5;60m▄[48;5;60;38;5;60m▄[48;5;103;38;5;103m▄[48;5;103;38;5;103m▄[48;5;234;38;5;234m▄[48;5;16;38;5;16m▄[49;39m  [48;5;16;38;5;16m▄[48;5;16;38;5;16m▄[48;5;242;38;5;242m█[48;5;146;38;5;146m█[48;5;146;38;5;146m▄[48;5;103;38;5;103m▄[48;5;60;38;5;60m▄[48;5;232;38;5;232m▄[48;5;16;38;5;16m▄[49;39m         [00m
                   [48;5;16;38;5;16m▄[48;5;233;38;5;232m▄[48;5;60;38;5;60m▄[48;5;103;38;5;103m▄[48;5;146;38;5;146m▄[48;5;146;38;5;146m▄[48;5;103;38;5;103m▄[48;5;232;38;5;233m▄[49;38;5;16m▄[48;5;16;38;5;16m▄[48;5;234;38;5;234m▄[48;5;103;38;5;103m▄[48;5;103;38;5;103m▄[48;5;146;38;5;146m▄[48;5;60;38;5;243m▄[48;5;16;38;5;16m▄[49;39m               [48;5;16;38;5;16m▄[48;5;232;38;5;233m▄[48;5;60;38;5;60m█[48;5;60;38;5;60m▄[48;5;103;38;5;103m▄[48;5;103;38;5;103m▄[48;5;234;38;5;234m▄[48;5;16;38;5;16m█[49;39m   [48;5;16;38;5;16m▄[48;5;60;38;5;60m▄[48;5;146;38;5;146m▄[48;5;146;38;5;146m█[48;5;103;38;5;103m▄[48;5;60;38;5;60m▄[48;5;232;38;5;232m▄[48;5;16;38;5;16m▄[49;39m         [00m
                   [48;5;16;38;5;16m▄[48;5;16;38;5;16m▄[48;5;60;38;5;238m▄[48;5;103;38;5;103m▄[48;5;146;38;5;103m▄[48;5;146;38;5;146m▄[48;5;247;38;5;250m▄[48;5;233;38;5;235m▄[48;5;16;38;5;16m▄[48;5;16;38;5;16m▄[48;5;234;38;5;16m▄[48;5;103;38;5;96m▄[48;5;103;38;5;103m▄[48;5;146;38;5;146m▄[48;5;103;38;5;146m▄[48;5;232;38;5;234m▄[48;5;16;38;5;16m▄[49;39m              [48;5;16;38;5;16m▄[48;5;233;38;5;233m▄[48;5;60;38;5;60m▄[48;5;60;38;5;96m▄[48;5;103;38;5;103m▄[48;5;103;38;5;103m▄[48;5;234;38;5;235m▄[48;5;16;38;5;16m▄[49;39m   [48;5;16;38;5;16m▄[48;5;239;38;5;238m▄[48;5;103;38;5;103m▄[48;5;146;38;5;146m▄[48;5;103;38;5;146m▄[48;5;103;38;5;103m▄[48;5;232;38;5;233m▄[48;5;16;38;5;16m▄[49;39m         [00m
                    [48;5;16;38;5;16m▄[48;5;237;38;5;236m▄[48;5;103;38;5;96m▄[48;5;103;38;5;103m▄[48;5;251;38;5;146m▄[48;5;251;38;5;188m▄[48;5;237;38;5;239m▄[48;5;16;38;5;16m▄[49;39m [48;5;16;38;5;16m▄[48;5;60;38;5;238m▄[48;5;103;38;5;103m▄[48;5;146;38;5;146m▄[48;5;146;38;5;146m▄[48;5;236;38;5;239m▄[48;5;16;38;5;16m▄[49;39m              [48;5;16;38;5;16m▄[48;5;232;38;5;232m▄[48;5;60;38;5;60m▄[48;5;103;38;5;103m▄[48;5;103;38;5;103m▄[48;5;103;38;5;103m▄[48;5;235;38;5;236m▄[48;5;16;38;5;16m▄[49;39m   [48;5;16;38;5;16m▄[48;5;237;38;5;236m▄[48;5;103;38;5;103m▄[48;5;146;38;5;146m▄[48;5;146;38;5;146m▄[48;5;103;38;5;103m▄[48;5;233;38;5;233m▄[48;5;16;38;5;16m▄[49;39m         [00m
                    [48;5;16;38;5;16m▄[48;5;235;38;5;234m▄[48;5;60;38;5;60m▄[48;5;103;38;5;103m▄[48;5;146;38;5;146m▄[48;5;253;38;5;253m▄[48;5;60;38;5;244m▄[48;5;16;38;5;16m▄[49;39m [48;5;16;38;5;16m▄[48;5;236;38;5;234m▄[48;5;103;38;5;103m▄[48;5;103;38;5;103m▄[48;5;146;38;5;146m▄[48;5;243;38;5;103m▄[48;5;16;38;5;233m▄[49;38;5;16m▄[39m             [48;5;16;38;5;16m▄[48;5;232;38;5;232m▄[48;5;60;38;5;96m▄[48;5;103;38;5;103m▄[48;5;103;38;5;103m▄[48;5;103;38;5;103m▄[48;5;236;38;5;237m▄[48;5;16;38;5;16m▄[49;39m   [48;5;16;38;5;16m▄[48;5;235;38;5;234m▄[48;5;103;38;5;103m▄[48;5;146;38;5;146m▄[48;5;146;38;5;146m▄[48;5;103;38;5;103m▄[48;5;234;38;5;235m▄[48;5;16;38;5;16m▄[49;39m         [00m
                    [48;5;16;38;5;16m▄[48;5;233;38;5;16m▄[48;5;60;38;5;60m▄[48;5;103;38;5;103m▄[48;5;146;38;5;146m▄[48;5;253;38;5;253m▄[48;5;246;38;5;145m▄[48;5;16;38;5;233m▄[49;38;5;16m▄[48;5;16;38;5;16m▄[48;5;233;38;5;16m▄[48;5;60;38;5;60m▄[48;5;103;38;5;103m▄[48;5;146;38;5;146m▄[48;5;146;38;5;146m▄[48;5;237;38;5;242m▄[48;5;16;38;5;16m▄[49;39m             [48;5;16;38;5;16m▄[48;5;233;38;5;233m▄[48;5;103;38;5;103m▄[48;5;103;38;5;146m▄[48;5;103;38;5;103m▄[48;5;103;38;5;103m▄[48;5;238;38;5;238m▄[48;5;16;38;5;16m▄[49;39m   [48;5;16;38;5;16m▄[48;5;233;38;5;232m▄[48;5;103;38;5;103m▄[48;5;146;38;5;103m▄[48;5;146;38;5;146m▄[48;5;103;38;5;146m▄[48;5;236;38;5;238m▄[48;5;16;38;5;16m▄[49;39m         [00m
                    [38;5;16m▀[48;5;16;38;5;16m▄[48;5;238;38;5;237m▄[48;5;103;38;5;103m▄[48;5;146;38;5;146m▄[48;5;188;38;5;252m▄[48;5;250;38;5;252m▄[48;5;235;38;5;237m▄[48;5;16;38;5;16m▄[49;39m [48;5;16;38;5;16m▄[48;5;237;38;5;234m▄[48;5;103;38;5;60m▄[48;5;103;38;5;103m▄[48;5;146;38;5;146m▄[48;5;249;38;5;188m▄[48;5;235;38;5;243m▄[48;5;16;38;5;16m▄[49;39m            [48;5;16;38;5;16m▄[48;5;235;38;5;238m▄[48;5;146;38;5;146m▄[48;5;146;38;5;146m▄[48;5;103;38;5;146m▄[48;5;103;38;5;103m▄[48;5;237;38;5;234m▄[48;5;16;38;5;16m▄[49;39m   [48;5;16;38;5;16m▄[48;5;232;38;5;232m▄[48;5;60;38;5;60m▄[48;5;103;38;5;103m▄[48;5;146;38;5;146m▄[48;5;146;38;5;146m▄[48;5;240;38;5;60m▄[48;5;16;38;5;16m▄[49;39m         [00m
                     [48;5;16;38;5;16m▄[48;5;235;38;5;234m▄[48;5;96;38;5;60m▄[48;5;103;38;5;103m▄[48;5;251;38;5;146m▄[48;5;188;38;5;253m▄[48;5;240;38;5;242m▄[48;5;16;38;5;16m▄[49;39m [38;5;16m▀[48;5;16;38;5;16m▄[48;5;238;38;5;235m▄[48;5;103;38;5;96m▄[48;5;146;38;5;103m▄[48;5;252;38;5;146m▄[48;5;250;38;5;188m▄[48;5;235;38;5;102m▄[48;5;16;38;5;16m▄[49;38;5;16m▄[39m         [38;5;16m▄[48;5;16;38;5;236m▄[48;5;243;38;5;250m▄[48;5;146;38;5;188m▄[48;5;146;38;5;146m▄[48;5;146;38;5;146m▄[48;5;103;38;5;239m▄[48;5;232;38;5;16m▄[49;38;5;16m▀[39m   [38;5;16m▀[48;5;16;38;5;16m▄[48;5;60;38;5;239m▄[48;5;103;38;5;103m▄[48;5;146;38;5;146m▄[48;5;146;38;5;146m█[48;5;242;38;5;243m▄[48;5;16;38;5;16m▄[49;38;5;16m▄[39m        [00m
                     [48;5;16;38;5;16m▄[48;5;233;38;5;16m▄[48;5;60;38;5;60m▄[48;5;103;38;5;103m▄[48;5;146;38;5;146m▄[48;5;253;38;5;253m▄[48;5;246;38;5;145m▄[48;5;16;38;5;232m▄[49;38;5;16m▄[39m [38;5;16m▀[48;5;16;38;5;16m▄[48;5;238;38;5;233m▄[48;5;103;38;5;60m▄[48;5;146;38;5;103m▄[48;5;251;38;5;146m▄[48;5;252;38;5;252m▄[48;5;96;38;5;252m▄[48;5;16;38;5;59m▄[48;5;16;38;5;16m▄[49;38;5;16m▄[39m     [38;5;16m▄[48;5;16;38;5;232m▄[48;5;232;38;5;243m▄[48;5;246;38;5;188m▄[48;5;253;38;5;253m▄[48;5;252;38;5;252m▄[48;5;146;38;5;146m▄[48;5;103;38;5;240m▄[48;5;234;38;5;16m▄[49;38;5;16m▀[39m     [48;5;16;38;5;16m▄[48;5;238;38;5;237m▄[48;5;103;38;5;103m▄[48;5;146;38;5;103m▄[48;5;146;38;5;146m▄[48;5;103;38;5;103m▄[48;5;232;38;5;233m▄[48;5;16;38;5;16m▄[49;39m        [00m
                     [38;5;16m▀[48;5;16;38;5;16m▄[48;5;237;38;5;236m▄[48;5;96;38;5;60m▄[48;5;146;38;5;103m▄[48;5;188;38;5;252m▄[48;5;251;38;5;252m▄[48;5;235;38;5;238m▄[48;5;16;38;5;16m▄[49;39m  [38;5;16m▀[48;5;16;38;5;16m▄[48;5;236;38;5;16m▄[48;5;103;38;5;237m▄[48;5;103;38;5;103m▄[48;5;146;38;5;103m▄[48;5;252;38;5;146m▄[48;5;252;38;5;252m▄[48;5;246;38;5;253m▄[48;5;238;38;5;251m▄[48;5;16;38;5;247m▄[48;5;16;38;5;243m▄[48;5;16;38;5;242m▄[48;5;16;38;5;243m▄[48;5;16;38;5;246m▄[48;5;237;38;5;251m▄[48;5;246;38;5;253m▄[48;5;252;38;5;188m▄[48;5;253;38;5;251m▄[48;5;252;38;5;146m▄[48;5;146;38;5;103m▄[48;5;103;38;5;235m▄[48;5;233;38;5;16m▄[49;38;5;16m▀[39m      [48;5;16;38;5;16m▄[48;5;236;38;5;235m▄[48;5;103;38;5;103m▄[48;5;103;38;5;103m▄[48;5;146;38;5;146m█[48;5;103;38;5;103m▄[48;5;235;38;5;236m▄[48;5;16;38;5;16m▄[49;39m        [00m
                      [48;5;16;38;5;16m▄[48;5;234;38;5;232m▄[48;5;60;38;5;60m▄[48;5;103;38;5;103m▄[48;5;251;38;5;251m▄[48;5;253;38;5;253m▄[48;5;60;38;5;102m▄[48;5;16;38;5;232m▄[49;39m    [38;5;16m▀[48;5;16;38;5;16m▄[48;5;236;38;5;16m▄[48;5;103;38;5;235m▄[48;5;103;38;5;60m▄[48;5;146;38;5;103m▄[48;5;251;38;5;103m▄[48;5;188;38;5;146m▄[48;5;253;38;5;146m▄[48;5;253;38;5;146m▄[48;5;253;38;5;146m▄[48;5;253;38;5;146m▄[48;5;253;38;5;146m▄[48;5;188;38;5;146m▄[48;5;251;38;5;103m▄[48;5;146;38;5;103m▄[48;5;146;38;5;60m▄[48;5;103;38;5;234m▄[48;5;236;38;5;16m▄[48;5;16;38;5;16m▄[49;38;5;16m▀[39m       [48;5;16;38;5;16m▄[48;5;235;38;5;234m▄[48;5;96;38;5;60m▄[48;5;103;38;5;103m▄[48;5;146;38;5;103m▄[48;5;103;38;5;146m▄[48;5;237;38;5;238m▄[48;5;16;38;5;16m▄[49;39m        [00m
                      [38;5;16m▀[48;5;16;38;5;16m▄[48;5;238;38;5;236m▄[48;5;103;38;5;103m▄[48;5;146;38;5;146m▄[48;5;253;38;5;188m▄[48;5;248;38;5;251m▄[48;5;234;38;5;237m▄[48;5;16;38;5;16m▄[49;39m     [38;5;16m▀[38;5;16m▀[48;5;232;38;5;16m▄[48;5;236;38;5;16m▄[48;5;60;38;5;16m▄[48;5;103;38;5;233m▄[48;5;103;38;5;235m▄[48;5;103;38;5;235m▄[48;5;103;38;5;236m▄[48;5;103;38;5;235m▄[48;5;103;38;5;235m▄[48;5;96;38;5;233m▄[48;5;60;38;5;16m▄[48;5;236;38;5;16m▄[48;5;16;38;5;16m▄[49;38;5;16m▀[38;5;16m▀[39m         [48;5;16;38;5;16m▄[48;5;234;38;5;234m▄[48;5;60;38;5;60m▄[48;5;103;38;5;103m▄[48;5;103;38;5;103m▄[48;5;146;38;5;146m▄[48;5;239;38;5;239m▄[48;5;16;38;5;16m▄[49;39m        [00m
                       [48;5;16;38;5;16m▄[48;5;234;38;5;232m▄[48;5;60;38;5;60m▄[48;5;103;38;5;103m▄[48;5;252;38;5;146m▄[48;5;253;38;5;253m▄[48;5;241;38;5;245m▄[48;5;16;38;5;16m▄[49;38;5;16m▄[39m        [38;5;16m▀[38;5;16m▀[38;5;16m▀[38;5;16m▀[38;5;16m▀[38;5;16m▀[38;5;16m▀[38;5;16m▀[38;5;16m▀[39m             [48;5;16;38;5;16m▄[48;5;234;38;5;234m▄[48;5;60;38;5;60m▄[48;5;103;38;5;103m▄[48;5;103;38;5;103m▄[48;5;146;38;5;146m▄[48;5;239;38;5;239m▄[48;5;16;38;5;16m█[49;39m        [00m
                       [38;5;16m▀[48;5;16;38;5;16m▄[48;5;237;38;5;235m▄[48;5;103;38;5;96m▄[48;5;146;38;5;146m▄[48;5;188;38;5;252m▄[48;5;249;38;5;252m▄[48;5;233;38;5;238m▄[48;5;16;38;5;16m▄[49;39m                              [48;5;16;38;5;16m▄[48;5;234;38;5;235m▄[48;5;60;38;5;103m▄[48;5;103;38;5;103m▄[48;5;103;38;5;103m▄[48;5;146;38;5;103m▄[48;5;238;38;5;238m▄[48;5;16;38;5;16m▄[49;39m        [00m
                        [48;5;16;38;5;16m▄[48;5;233;38;5;16m▄[48;5;60;38;5;238m▄[48;5;103;38;5;103m▄[48;5;251;38;5;146m▄[48;5;253;38;5;253m▄[48;5;244;38;5;145m▄[48;5;16;38;5;233m▄[49;38;5;16m▄[39m                             [48;5;16;38;5;16m▄[48;5;237;38;5;239m▄[48;5;103;38;5;103m▄[48;5;103;38;5;103m█[48;5;103;38;5;103m▄[48;5;103;38;5;103m▄[48;5;237;38;5;235m▄[48;5;16;38;5;16m▄[49;39m        [00m
                         [48;5;16;38;5;16m▄[48;5;236;38;5;233m▄[48;5;96;38;5;60m▄[48;5;146;38;5;103m▄[48;5;188;38;5;252m▄[48;5;252;38;5;253m▄[48;5;238;38;5;244m▄[48;5;16;38;5;16m▄[49;39m                            [48;5;16;38;5;16m▄[48;5;232;38;5;233m▄[48;5;60;38;5;103m▄[48;5;103;38;5;103m▄[48;5;103;38;5;103m█[48;5;103;38;5;103m▄[48;5;103;38;5;244m▄[48;5;233;38;5;16m▄[48;5;16;38;5;16m▄[49;39m        [00m
                         [38;5;16m▀[48;5;16;38;5;16m▄[48;5;237;38;5;234m▄[48;5;103;38;5;60m▄[48;5;146;38;5;146m▄[48;5;253;38;5;188m▄[48;5;250;38;5;253m▄[48;5;235;38;5;242m▄[48;5;16;38;5;16m▄[49;39m                           [48;5;16;38;5;16m▄[48;5;235;38;5;238m▄[48;5;103;38;5;146m▄[48;5;103;38;5;146m▄[48;5;103;38;5;103m▄[48;5;103;38;5;103m▄[48;5;60;38;5;238m▄[48;5;16;38;5;16m▄[49;39m         [00m
                          [38;5;16m▀[48;5;232;38;5;16m▄[48;5;60;38;5;236m▄[48;5;103;38;5;103m▄[48;5;252;38;5;146m▄[48;5;253;38;5;253m▄[48;5;145;38;5;188m▄[48;5;234;38;5;242m▄[48;5;16;38;5;16m▄[49;39m                         [38;5;16m▄[48;5;16;38;5;233m▄[48;5;242;38;5;247m▄[48;5;146;38;5;146m█[48;5;146;38;5;146m▄[48;5;146;38;5;146m▄[48;5;103;38;5;243m▄[48;5;235;38;5;232m▄[48;5;16;38;5;16m▄[49;39m         [00m
                           [48;5;16;38;5;16m▄[48;5;232;38;5;16m▄[48;5;60;38;5;235m▄[48;5;103;38;5;103m▄[48;5;252;38;5;146m▄[48;5;253;38;5;188m▄[48;5;250;38;5;253m▄[48;5;235;38;5;102m▄[48;5;16;38;5;16m▄[49;38;5;16m▄[39m                      [38;5;16m▄[48;5;16;38;5;232m▄[48;5;239;38;5;245m▄[48;5;146;38;5;146m▄[48;5;146;38;5;146m▄[48;5;146;38;5;146m▄[48;5;146;38;5;103m▄[48;5;238;38;5;234m▄[48;5;16;38;5;16m▄[49;39m          [00m
                            [38;5;16m▀[48;5;16;38;5;16m▄[48;5;60;38;5;234m▄[48;5;103;38;5;60m▄[48;5;251;38;5;103m▄[48;5;253;38;5;251m▄[48;5;252;38;5;253m▄[48;5;240;38;5;250m▄[48;5;16;38;5;238m▄[49;38;5;16m▄[39m                   [38;5;16m▄[48;5;16;38;5;16m▄[48;5;16;38;5;237m▄[48;5;239;38;5;250m▄[48;5;251;38;5;188m▄[48;5;146;38;5;146m▄[48;5;146;38;5;146m█[48;5;146;38;5;103m▄[48;5;60;38;5;235m▄[48;5;16;38;5;16m▄[49;38;5;16m▀[39m          [00m
                             [38;5;16m▀[48;5;16;38;5;16m▄[48;5;237;38;5;233m▄[48;5;96;38;5;60m▄[48;5;146;38;5;103m▄[48;5;252;38;5;146m▄[48;5;253;38;5;252m▄[48;5;250;38;5;253m▄[48;5;237;38;5;249m▄[48;5;16;38;5;237m▄[49;38;5;16m▄[38;5;16m▄[39m              [38;5;16m▄[48;5;16;38;5;16m▄[48;5;16;38;5;240m▄[48;5;238;38;5;251m▄[48;5;250;38;5;253m▄[48;5;253;38;5;188m▄[48;5;252;38;5;251m▄[48;5;146;38;5;146m▄[48;5;146;38;5;245m▄[48;5;239;38;5;233m▄[48;5;16;38;5;16m▄[49;38;5;16m▀[39m           [00m
                              [38;5;16m▀[48;5;16;38;5;16m▄[48;5;234;38;5;16m▄[48;5;60;38;5;235m▄[48;5;103;38;5;60m▄[48;5;146;38;5;103m▄[48;5;251;38;5;146m▄[48;5;253;38;5;251m▄[48;5;250;38;5;253m▄[48;5;239;38;5;252m▄[48;5;16;38;5;245m▄[48;5;16;38;5;236m▄[49;38;5;16m▄[38;5;16m▄[38;5;16m▄[38;5;16m▄[38;5;16m▄▄▄[38;5;16m▄[38;5;16m▄[38;5;16m▄[38;5;16m▄[48;5;16;38;5;235m▄[48;5;16;38;5;242m▄[48;5;234;38;5;249m▄[48;5;244;38;5;253m▄[48;5;252;38;5;253m▄[48;5;253;38;5;188m▄[48;5;253;38;5;252m▄[48;5;252;38;5;146m▄[48;5;146;38;5;247m▄[48;5;247;38;5;237m▄[48;5;237;38;5;16m▄[48;5;16;38;5;16m▄[49;39m             [00m
                                [38;5;16m▀[48;5;16;38;5;16m▄[48;5;235;38;5;16m▄[48;5;60;38;5;234m▄[48;5;103;38;5;60m▄[48;5;103;38;5;60m▄[48;5;146;38;5;103m▄[48;5;188;38;5;146m▄[48;5;253;38;5;251m▄[48;5;251;38;5;188m▄[48;5;102;38;5;253m▄[48;5;240;38;5;188m▄[48;5;237;38;5;251m▄[48;5;235;38;5;250m▄[48;5;233;38;5;145m▄[48;5;233;38;5;248m▄[48;5;233;38;5;248m▄[48;5;234;38;5;249m▄[48;5;236;38;5;251m▄[48;5;239;38;5;188m▄[48;5;244;38;5;253m▄[48;5;250;38;5;253m▄[48;5;253;38;5;188m▄[48;5;253;38;5;252m▄[48;5;253;38;5;251m▄[48;5;252;38;5;146m▄[48;5;251;38;5;146m▄[48;5;146;38;5;243m▄[48;5;246;38;5;234m▄[48;5;236;38;5;16m▄[48;5;16;38;5;16m▄[49;38;5;16m▀[39m              [00m
                                  [38;5;16m▀[48;5;16;38;5;16m▄[48;5;233;38;5;16m▄[48;5;238;38;5;16m▄[48;5;60;38;5;235m▄[48;5;103;38;5;60m▄[48;5;103;38;5;60m▄[48;5;146;38;5;103m▄[48;5;251;38;5;103m▄[48;5;252;38;5;146m▄[48;5;188;38;5;146m▄[48;5;253;38;5;146m▄[48;5;253;38;5;146m▄[48;5;253;38;5;251m▄[48;5;253;38;5;251m▄[38;5;146m▄[48;5;253;38;5;146m▄[48;5;188;38;5;146m▄[48;5;252;38;5;146m▄[48;5;251;38;5;146m▄[48;5;146;38;5;103m▄[48;5;146;38;5;243m▄[48;5;146;38;5;238m▄[48;5;246;38;5;233m▄[48;5;238;38;5;16m▄[48;5;232;38;5;16m▄[49;38;5;16m▀[39m                 [00m
                                     [38;5;16m▀[38;5;16m▀[48;5;232;38;5;16m▄[48;5;234;38;5;16m▄[48;5;236;38;5;16m▄[48;5;238;38;5;16m▄[48;5;60;38;5;16m▄[48;5;96;38;5;16m▄[48;5;103;38;5;16m▄[48;5;103;38;5;232m▄[48;5;103;38;5;232m▄[48;5;103;38;5;16m▄[48;5;242;38;5;16m▄[48;5;96;38;5;16m▄[48;5;60;38;5;16m▄[48;5;238;38;5;16m▄[48;5;237;38;5;16m▄[48;5;234;38;5;16m▄[48;5;16;38;5;16m▄[49;38;5;16m▀[38;5;16m▀[39m                    [00m
                                                                              [00m
