                                               [38;5;245m▄▄▄▄▄▄▄[39m                          [00m
                                [38;5;238m▄▄[39m       [38;5;245m▄[38;5;250m▄[48;5;245;38;5;231m▄[48;5;250m▄[48;5;231m███████[48;5;250m▄[48;5;245m▄▄[49;38;5;250m▄[38;5;245m▄[39m                     [00m
                              [48;5;238;38;5;238m█[38;5;137m▄[38;5;235m▄[48;5;137;38;5;137m█[48;5;235;38;5;16m▄[49;38;5;235m▄[48;5;235;38;5;137m▄[49;38;5;16m▄[39m [38;5;250m▄[48;5;250;38;5;231m▄[48;5;231m████████████████[48;5;245m▄[49;38;5;245m▄[39m                   [00m
                           [38;5;238m▄[38;5;95m▄[48;5;238;38;5;137m▄[48;5;235m▄[48;5;137m█[48;5;95m▄[48;5;137m██[48;5;95m▄[48;5;137m█[48;5;95m▄[48;5;235m▄[48;5;16m▄[38;5;95m▄[48;5;231;38;5;235m▄[38;5;16m▄[38;5;231m████████████████[48;5;245;38;5;250m▄[49;38;5;245m▄[39m                 [00m
                   [38;5;238m▄[48;5;238;38;5;95m▄[48;5;235m▄▄[49;38;5;235m▄[38;5;238m▄▄[48;5;238;38;5;137m▄[48;5;137m██████████████[48;5;95;38;5;95m██[48;5;16m▄[48;5;250;38;5;235m▄[48;5;238;38;5;137m▄▄▄▄[48;5;231;38;5;238m▄[38;5;231m██████████[48;5;245;38;5;250m▄[49;38;5;245m▄[39m                [00m
                  [38;5;238m▄[48;5;95;38;5;137m▄[48;5;137m██[48;5;95;38;5;95m█[38;5;238m▄[48;5;238;38;5;95m▄[48;5;137;38;5;137m█████████████[38;5;95m▄▄[48;5;95m███[48;5;238m▄[48;5;137;38;5;137m█[38;5;95m▄[38;5;235m▄▄[38;5;95m▄[38;5;137m█[48;5;238;38;5;235m▄[48;5;231;38;5;231m█████████[48;5;250;38;5;250m█[48;5;240m▄[49;38;5;245m▄[39m               [00m
                  [48;5;238;38;5;238m█[48;5;137;38;5;137m███[48;5;95;38;5;95m█[48;5;238;38;5;238m█[48;5;95;38;5;137m▄[48;5;137;38;5;95m▄[38;5;137m█████████[38;5;95m▄[38;5;137m█[48;5;95m▄▄[38;5;95m████[48;5;137;38;5;137m██[48;5;235;38;5;235m█[48;5;238;38;5;238m██[48;5;235m▄[48;5;137;38;5;235m▄[38;5;137m█[48;5;238;38;5;235m▄[48;5;231;38;5;231m███████[48;5;250;38;5;250m█[38;5;231m▄[38;5;250m█[48;5;240m▄[49;38;5;240m▄[39m              [00m
                  [48;5;235;38;5;235m█[48;5;137;38;5;95m▄[38;5;137m█[48;5;95;38;5;95m█[38;5;238m▄[48;5;238;38;5;137m▄[48;5;137m████████████████[48;5;95m▄[38;5;95m███[48;5;137;38;5;137m█[48;5;235;38;5;95m▄[48;5;238m▄[38;5;238m█[38;5;235m▄[48;5;235;38;5;16m▄[48;5;137;38;5;95m▄[48;5;235;38;5;235m█[48;5;250;38;5;250m█[48;5;231m▄▄[38;5;231m███[48;5;250;38;5;250m█[48;5;231m▄[48;5;250m██[38;5;95m▄[38;5;231m▄[48;5;240;38;5;250m▄[49;38;5;240m▄[39m            [00m
                   [48;5;235;38;5;235m█[48;5;95;38;5;95m█[38;5;238m▄[38;5;137m▄[48;5;137m██████████████████[48;5;95;38;5;95m█████[48;5;235m▄[48;5;16m▄[38;5;16m██[48;5;95;38;5;95m█[48;5;235;38;5;16m▄[48;5;95;38;5;95m█[48;5;250;38;5;250m█[48;5;231;38;5;231m█████[48;5;250;38;5;250m█[48;5;95;38;5;95m█[48;5;137;38;5;137m█[48;5;95m▄[48;5;231;38;5;250m▄[38;5;231m█[48;5;250;38;5;250m█[48;5;240;38;5;16m▄[49;39m           [00m
                    [48;5;238;38;5;238m█[48;5;137;38;5;137m███████████████████[48;5;95;38;5;95m███████[48;5;235m▄[48;5;16;38;5;16m█[38;5;235m▄[48;5;95;38;5;95m█[48;5;16;38;5;16m█[48;5;137;38;5;137m█[48;5;250m▄[48;5;231;38;5;250m▄[38;5;231m███[38;5;250m▄[48;5;250;38;5;95m▄[48;5;137;38;5;137m███[48;5;95m▄[48;5;250;38;5;95m▄▄▄[48;5;240;38;5;16m▄[49;39m          [00m
                    [48;5;235;38;5;235m█[38;5;231m▄[48;5;95;38;5;238m▄[48;5;137;38;5;238m▄[38;5;95m▄[48;5;95;38;5;137m▄▄▄▄▄▄▄[48;5;137;38;5;95m▄▄▄[38;5;137m██[38;5;95m▄[38;5;235m▄[48;5;95m▄[38;5;95m███████[48;5;238;38;5;235m▄[48;5;95;38;5;95m██[48;5;235;38;5;16m▄[48;5;137;38;5;137m████[48;5;95m▄▄▄▄[48;5;137m██████[48;5;95;38;5;95m███[48;5;16;38;5;235m▄[49;39m         [00m
                     [48;5;238;38;5;238m█[38;5;137m▄[48;5;137m████████████[48;5;238m▄[48;5;235;38;5;238m▄[48;5;231m▄[48;5;238m▄[48;5;250m▄[48;5;16;38;5;95m▄[48;5;95m█████[38;5;238m▄[48;5;235;38;5;95m▄[48;5;16;38;5;137m▄[48;5;235m▄[48;5;137m███████████████[38;5;95m▄[48;5;95m███[48;5;16;38;5;235m▄[49;39m        [00m
          [38;5;238m▄▄▄[39m       [48;5;238;38;5;235m▄[48;5;137;38;5;137m████████████████[48;5;95m▄[38;5;95m███████[38;5;238m▄[48;5;235;38;5;95m▄[48;5;137;38;5;137m███████████████████[48;5;95m▄[38;5;95m███[48;5;16;38;5;16m█[49;39m       [00m
       [38;5;238m▄[48;5;238;38;5;137m▄[48;5;95m▄[48;5;137m███[48;5;95m▄[48;5;238m▄[49;38;5;238m▄[39m    [38;5;235m▀[48;5;137;38;5;238m▄[38;5;137m█[38;5;95m▄▄▄▄▄▄[38;5;137m█████████[48;5;95;38;5;95m███████[48;5;137m▄[38;5;137m█████████████████████[48;5;95;38;5;95m███[48;5;235m▄[49;38;5;16m▄[39m      [00m
      [48;5;235;38;5;235m█[48;5;137;38;5;137m█████████[48;5;235m▄[49;38;5;235m▄[39m  [48;5;238;38;5;238m█[48;5;95;38;5;137m▄▄[48;5;137m███████[48;5;95m▄▄[48;5;137;38;5;95m▄▄▄▄▄[48;5;95m███████[38;5;137m▄[48;5;137m█████████████████████[48;5;95m▄▄[38;5;95m███[48;5;16;38;5;16m█[38;5;238m▄[49;38;5;16m▄[39m    [00m
       [38;5;235m▀[48;5;235m█[38;5;238m▄▄▄[48;5;238m█[48;5;95;38;5;235m▄[48;5;137;38;5;137m██[38;5;95m▄[48;5;235;38;5;235m█[49;39m [48;5;238;38;5;238m█[48;5;137;38;5;137m██████████████[48;5;95m▄[38;5;95m███[38;5;238m▄[38;5;235m▄▄[38;5;238m▄[48;5;238m█[48;5;95;38;5;95m█[48;5;137;38;5;137m███████████████████████[48;5;95m▄[38;5;95m███[48;5;16;38;5;235m▄[48;5;238;38;5;238m█[48;5;235m▄[49;38;5;16m▄[39m   [00m
       [38;5;235m▄[48;5;235;38;5;95m▄[48;5;95m██[48;5;238m▄[38;5;238m█[48;5;235;38;5;235m█[48;5;95;38;5;95m██[48;5;235;38;5;235m█[49;39m  [48;5;235;38;5;235m█[48;5;137;38;5;95m▄[38;5;137m██[38;5;95m▄▄▄▄▄▄[38;5;137m█████[38;5;95m▄[48;5;95m██[48;5;238m▄[48;5;95m█[38;5;137m▄▄[48;5;238m▄[48;5;235;38;5;95m▄[48;5;95;38;5;235m▄[38;5;137m▄[48;5;137m█████████████████████[38;5;95m▄[48;5;95m████[48;5;235;38;5;235m█[48;5;238;38;5;238m██[48;5;235m▄[49;38;5;16m▄[39m  [00m
      [38;5;238m▄[48;5;238;38;5;95m▄[48;5;95m████[48;5;235;38;5;235m█[48;5;95;38;5;95m██[48;5;235;38;5;235m█[49;39m  [38;5;240m▄[48;5;240;38;5;250m▄[48;5;95;38;5;235m▄[38;5;137m▄[48;5;137m███████[48;5;95m▄▄[38;5;95m██████[38;5;137m▄[48;5;137m█████[48;5;16;38;5;95m▄[48;5;95;38;5;235m▄[48;5;137;38;5;137m████████████████████[38;5;95m▄[38;5;137m█[48;5;95;38;5;95m███[38;5;238m▄[48;5;238m█[38;5;95m▄[38;5;238m██[48;5;16;38;5;235m▄[49;39m  [00m
   [38;5;240m▄[48;5;240;38;5;250m▄▄[48;5;238;38;5;238m█[48;5;95;38;5;95m████[38;5;238m▄[48;5;238;38;5;95m▄[48;5;95m█[38;5;235m▄[49m▀[39m  [48;5;16;38;5;16m█[48;5;238;38;5;238m█[48;5;137;38;5;137m█████████████[48;5;95;38;5;95m███[38;5;137m▄[48;5;137m████[38;5;235m▄[38;5;16m▄[48;5;95;38;5;235m▄[48;5;16;38;5;16m█[48;5;137;38;5;137m███████[38;5;95m▄[48;5;95;38;5;137m▄[48;5;137m███████████[48;5;95m▄[38;5;95m████[48;5;235m▄[48;5;95m██[48;5;238m▄[38;5;238m██[48;5;16;38;5;16m█[49;39m [00m
   [48;5;240;38;5;16m▄[48;5;250;38;5;250m██[48;5;238;38;5;238m█[48;5;95;38;5;95m████[48;5;238;38;5;238m█[48;5;95;38;5;95m██[48;5;235;38;5;235m█[49;39m    [48;5;238;38;5;16m▄[48;5;137;38;5;235m▄[38;5;137m██[38;5;95m▄▄▄▄▄[38;5;137m█[38;5;240m▄▄▄[48;5;95;38;5;95m██[48;5;238;38;5;235m▄[48;5;95;38;5;95m█[48;5;137;38;5;137m███[38;5;235m▄[48;5;235;38;5;231m▄[48;5;231m███[48;5;16m▄[48;5;95;38;5;235m▄[48;5;137;38;5;137m█[38;5;95m▄[38;5;137m████[48;5;238;38;5;238m█[48;5;137;38;5;137m█████████████[48;5;95;38;5;95m█[48;5;238;38;5;235m▄[48;5;95;38;5;95m█[48;5;238m▄[48;5;95m████[48;5;238m▄[38;5;238m█[48;5;16;38;5;16m█[49;39m [00m
    [48;5;240;38;5;16m▄[48;5;250;38;5;250m█[48;5;238;38;5;238m█[48;5;95;38;5;95m████[48;5;238;38;5;235m▄[48;5;95;38;5;95m██[48;5;235;38;5;235m█[49;39m    [48;5;16;38;5;16m█[48;5;235;38;5;235m█[48;5;95;38;5;137m▄[48;5;137m██████[48;5;240;38;5;240m█[48;5;250;38;5;231m▄[48;5;231m██[48;5;245m▄[48;5;240m▄[48;5;235;38;5;245m▄[48;5;95;38;5;240m▄[48;5;137;38;5;95m▄▄[38;5;235m▄[48;5;245;38;5;231m▄[48;5;231m█████[48;5;16;38;5;250m▄[48;5;95;38;5;235m▄[38;5;95m█[48;5;137m▄[48;5;95m█[48;5;137m▄[48;5;238;38;5;238m█[48;5;137;38;5;137m██████████████[48;5;95;38;5;95m█[48;5;235;38;5;235m█[48;5;95;38;5;95m███████[48;5;238;38;5;238m█[48;5;16;38;5;16m█[49;39m [00m
     [48;5;16;38;5;16m█[48;5;238;38;5;235m▄[48;5;95;38;5;95m████[48;5;235;38;5;235m█[48;5;95;38;5;95m██[48;5;235;38;5;235m█[49;39m   [38;5;16m▄[48;5;235;38;5;235m█[48;5;95;38;5;95m█[48;5;137m▄▄[38;5;137m████[38;5;95m▄[48;5;240m▄[48;5;231;38;5;240m▄[38;5;231m██████[48;5;245m▄[48;5;240;38;5;250m▄[48;5;16;38;5;240m▄[48;5;231;38;5;231m███████[48;5;16;38;5;240m▄[48;5;95;38;5;238m▄[38;5;95m███[48;5;238;38;5;235m▄[48;5;137;38;5;137m█████████████[48;5;95;38;5;95m█[38;5;235m▄[48;5;16;38;5;95m▄[48;5;95m███████[48;5;235;38;5;16m▄[48;5;238;38;5;238m█[48;5;16;38;5;16m█[49;39m[00m
      [48;5;235;38;5;235m█[48;5;95;38;5;238m▄[38;5;95m██[38;5;238m▄[48;5;235m▄[48;5;95;38;5;95m███[48;5;16;38;5;235m▄[48;5;240;38;5;250m▄▄[48;5;250m█[48;5;235;38;5;235m█[48;5;95;38;5;238m▄[38;5;95m█████████[48;5;235;38;5;238m▄[48;5;250;38;5;16m▄[48;5;231;38;5;250m▄[38;5;231m██████[48;5;245m▄[48;5;231;38;5;245m▄[38;5;231m█████[48;5;250;38;5;250m█[48;5;235;38;5;16m▄[48;5;95;38;5;238m▄▄[48;5;238m█[48;5;235;38;5;235m█[48;5;137;38;5;95m▄[38;5;137m███████████[38;5;95m▄[48;5;95m█[48;5;16;38;5;16m█[48;5;95;38;5;95m███████[48;5;238;38;5;235m▄[48;5;235;38;5;238m▄[48;5;238m█[48;5;16;38;5;16m█[49;39m[00m
       [48;5;235;38;5;235m█[48;5;238;38;5;238m████[48;5;235;38;5;235m█[48;5;95;38;5;95m███[48;5;16;38;5;235m▄[48;5;250m▄[48;5;235;38;5;238m▄[48;5;238;38;5;95m▄▄▄▄[48;5;95m███[38;5;238m▄▄▄[48;5;238m███[48;5;235;38;5;16m▄[48;5;250;38;5;235m▄[48;5;231;38;5;250m▄[38;5;231m██████[48;5;245m▄[48;5;231;38;5;240m▄[38;5;231m██[38;5;250m▄[48;5;250m██[48;5;235;38;5;16m▄[48;5;238;38;5;238m██[48;5;235m▄[48;5;95;38;5;235m▄[48;5;137;38;5;137m█[38;5;95m▄[38;5;137m██████[38;5;95m▄[38;5;137m█[38;5;95m▄[48;5;95m█[48;5;235;38;5;16m▄[48;5;95;38;5;95m██████[38;5;238m▄[48;5;238m█[48;5;16;38;5;16m█[49m▀[48;5;238m▄[49m▀[39m[00m
       [38;5;16m▀[48;5;238;38;5;235m▄[38;5;238m████[48;5;235;38;5;16m▄[48;5;95;38;5;95m███[48;5;16m▄[48;5;95;38;5;235m▄[38;5;95m█████████[48;5;238m▄[38;5;238m█[48;5;235m▄[48;5;238;38;5;235m▄[48;5;16;38;5;16m█[48;5;238;38;5;95m▄[48;5;16m▄[48;5;250;38;5;235m▄[48;5;231;38;5;250m▄[38;5;231m██████[48;5;240;38;5;245m▄[48;5;250;38;5;250m████[48;5;245;38;5;245m█[48;5;235;38;5;16m▄[48;5;238;38;5;238m█[48;5;16m▄[48;5;235;38;5;235m█[48;5;95;38;5;95m███[48;5;137m▄▄[48;5;95m█[48;5;137m▄[48;5;95m████[38;5;235m▄[48;5;16;38;5;238m▄[48;5;95;38;5;235m▄[38;5;95m███████[48;5;235;38;5;238m▄[49;38;5;16m▄[39m  [00m
        [38;5;16m▀[48;5;238;38;5;235m▄[38;5;238m████[48;5;235;38;5;16m▄[48;5;95;38;5;95m████[48;5;235m▄[48;5;95;38;5;235m▄[38;5;238m▄[38;5;95m███[38;5;238m▄[38;5;95m███[48;5;238;38;5;238m██[48;5;235;38;5;16m▄[48;5;95;38;5;95m████[48;5;235m▄[48;5;250;38;5;240m▄[48;5;231;38;5;231m█████[48;5;250;38;5;250m█[48;5;240m▄[48;5;250;38;5;245m▄▄[48;5;245m██[48;5;240m▄[48;5;238;38;5;235m▄[38;5;238m█[48;5;16;38;5;16m█[48;5;95;38;5;95m███████████[48;5;235;38;5;235m█[49;38;5;16m▀▀[48;5;238;38;5;235m▄[48;5;95;38;5;95m██████[48;5;238;38;5;238m█[48;5;16;38;5;16m█[49;39m  [00m
         [38;5;16m▀[48;5;238m▄[38;5;238m████[48;5;235m▄[48;5;95;38;5;235m▄[38;5;95m█████[48;5;235m▄[48;5;238m▄▄[48;5;95m██[38;5;238m▄[48;5;238m██[48;5;235;38;5;16m▄[48;5;95;38;5;95m██████[48;5;16m▄[48;5;250;38;5;16m▄[48;5;231;38;5;250m▄▄▄[48;5;250m███[48;5;240m▄[48;5;245;38;5;245m████[48;5;16;38;5;16m█[48;5;238;38;5;238m██[48;5;235;38;5;235m█[48;5;95;38;5;95m██████████[48;5;16;38;5;16m█[49;39m  [48;5;16;38;5;16m█[48;5;238;38;5;238m█[48;5;95m▄[38;5;95m█[38;5;238m▄[38;5;95m█[38;5;238m▄[48;5;238m█[48;5;16;38;5;16m█[49;39m  [00m
           [38;5;16m▀[48;5;238m▄[38;5;235m▄[38;5;238m███[48;5;16m▄[48;5;235m▄[48;5;95;38;5;16m▄▄[38;5;235m▄[38;5;238m▄▄▄[48;5;238m███[38;5;235m▄[48;5;235;38;5;95m▄[48;5;95m████████[48;5;16;38;5;16m█[48;5;240m▄[48;5;250;38;5;250m██████[48;5;245m▄[38;5;245m███[48;5;240m▄[48;5;238;38;5;235m▄[38;5;238m█[48;5;16;38;5;16m█[48;5;95;38;5;95m██████████[48;5;16;38;5;16m█[49;39m  [38;5;16m▀[48;5;238;38;5;235m▄[38;5;238m██████[48;5;16;38;5;235m▄[49;39m  [00m
              [38;5;16m▀[38;5;235m▀[48;5;238;38;5;16m▄[38;5;235m▄[38;5;238m█████[38;5;235m▄[38;5;16m▄▄[49;38;5;235m▀[48;5;16m▄[48;5;95;38;5;95m██[38;5;238m▄[38;5;95m█████[38;5;238m▄[48;5;235;38;5;16m▄[49;39m  [48;5;240;38;5;16m▄[48;5;250;38;5;245m▄[38;5;250m█████[48;5;245;38;5;245m████[48;5;16;38;5;16m█[48;5;238;38;5;235m▄[48;5;235m██[48;5;95;38;5;95m██████[38;5;238m▄[38;5;95m█[38;5;238m▄[48;5;16;38;5;16m█[49;39m   [48;5;16;38;5;16m█[48;5;238;38;5;238m██████[48;5;235m▄[49;38;5;16m▄[39m [00m
                  [38;5;16m▀▀▀▀▀[39m    [48;5;16;38;5;16m█[48;5;238;38;5;238m█[48;5;95m▄[48;5;238m██[48;5;95m▄[48;5;238m█[48;5;95m▄[48;5;238m█[48;5;235;38;5;16m▄[49;39m    [38;5;16m▀[48;5;250m▄[38;5;245m▄▄▄[48;5;245m█████[48;5;16;38;5;16m█[48;5;235;38;5;235m██[48;5;16;38;5;16m█[48;5;238;38;5;238m█[48;5;95m▄[48;5;238m█[48;5;95m▄▄[48;5;238m████[48;5;16;38;5;16m█[49;39m   [48;5;16;38;5;235m▄[48;5;238;38;5;238m███████[48;5;235m▄[49;38;5;16m▄[39m[00m
                          [48;5;16;38;5;16m█[48;5;238;38;5;238m█████████[48;5;16;38;5;16m█[49;39m      [38;5;16m▀[48;5;245m▄[38;5;240m▄[38;5;245m████[38;5;16m▄[48;5;235;38;5;235m███[48;5;16;38;5;16m█[48;5;238;38;5;238m█████████[48;5;16;38;5;16m█[49;39m  [48;5;235;38;5;235m█[48;5;250m▄[48;5;16;38;5;231m▄[48;5;235m▄[48;5;238;38;5;235m▄▄[38;5;16m▄[38;5;238m█[38;5;235m▄[38;5;16m▄[48;5;16m█[49;39m[00m
                         [38;5;235m▄[48;5;235;38;5;250m▄[48;5;238;38;5;235m▄[38;5;238m███████[38;5;235m▄[48;5;235;38;5;16m▄[48;5;16m█[49;39m        [38;5;16m▀[48;5;16;38;5;235m▄[38;5;250m▄[48;5;235;38;5;235m█[48;5;250;38;5;250m██[48;5;235;38;5;235m█[48;5;16;38;5;16m█[48;5;238;38;5;238m███████████[48;5;16;38;5;16m█[49;39m  [38;5;235m▀[48;5;231m▄[38;5;16m▄[48;5;235m▄[48;5;231;38;5;231m██[48;5;235;38;5;16m▄[48;5;250;38;5;250m██[48;5;16;38;5;16m█[49;39m[00m
                         [38;5;235m▀[48;5;250;38;5;16m▄[48;5;235;38;5;235m█[38;5;231m▄▄[48;5;238;38;5;235m▄[48;5;235;38;5;231m▄▄[48;5;16;38;5;250m▄[38;5;16m█[48;5;250;38;5;250m█[38;5;16m▄[49m▀[39m          [38;5;16m▀▀▀▀[48;5;16;38;5;235m▄[38;5;250m▄[48;5;238;38;5;235m▄▄▄[38;5;238m███████[38;5;235m▄[48;5;235;38;5;16m▄[48;5;16m█[49;39m     [38;5;16m▀▀▀▀▀[39m [00m
                           [38;5;16m▀[48;5;231m▄▄[48;5;16m█[48;5;231m▄▄[48;5;250m▄[49m▀▀[39m                [38;5;235m▀[48;5;250m▄[48;5;235;38;5;16m▄[48;5;231;38;5;231m██[48;5;235;38;5;16m▄[48;5;238;38;5;235m▄[48;5;235;38;5;231m▄▄[48;5;16;38;5;250m▄[48;5;238;38;5;16m▄[48;5;235;38;5;235m█[48;5;250;38;5;250m██[48;5;16;38;5;16m█[49;39m           [00m
                                                       [38;5;235m▀[38;5;16m▀▀▀[48;5;231m▄▄[48;5;250m▄[49m▀▀▀▀[39m            [00m
                                                                              [00m
