                            [38;5;16m▄▄[48;5;16;38;5;239m▄▄[38;5;246m▄▄[49;38;5;16m▄▄[39m                          [00m
                      [38;5;16m▄▄▄[48;5;16;38;5;243m▄▄▄[48;5;239m▄[38;5;239m███[48;5;246;38;5;246m█[38;5;250m▄▄[38;5;246m█[48;5;16m▄▄▄[49;38;5;16m▄▄▄[39m                    [00m
                  [38;5;16m▄▄[48;5;16;38;5;243m▄▄[48;5;243m████████[48;5;239m▄[38;5;239m█[48;5;246;38;5;246m█[48;5;250;38;5;250m████[48;5;246m▄[38;5;246m███[48;5;243m▄[48;5;16;38;5;243m▄▄[49;38;5;16m▄▄[39m                [00m
               [38;5;16m▄[48;5;16;38;5;243m▄[38;5;16m█[48;5;246;38;5;246m████[48;5;243m▄[38;5;243m████████[48;5;239m▄[48;5;246;38;5;246m█[48;5;250;38;5;250m██████[48;5;246;38;5;246m████[48;5;243m▄[38;5;243m██[48;5;16;38;5;16m█[38;5;246m▄[49;38;5;16m▄[39m             [00m
              [38;5;16m▄[48;5;16;38;5;243m▄[48;5;243m█[48;5;16;38;5;16m█[48;5;246;38;5;246m██████[48;5;243;38;5;243m████████[48;5;246;38;5;246m█[48;5;250;38;5;250m███████[48;5;246;38;5;246m████[48;5;243m▄[38;5;243m█[48;5;16;38;5;16m█[48;5;246;38;5;246m█[48;5;16m▄[49;38;5;16m▄[39m            [00m        
              [48;5;16;38;5;16m█[48;5;243;38;5;243m██[48;5;16;38;5;16m█[48;5;246;38;5;246m███████[48;5;243;38;5;243m██████[38;5;239m▄[48;5;246;38;5;246m█[48;5;250;38;5;250m███████[48;5;246;38;5;246m█████[48;5;243;38;5;243m█[48;5;16;38;5;16m█[48;5;246;38;5;246m██[48;5;16;38;5;16m█[49;39m            [00m        
             [38;5;16m▄[48;5;16;38;5;243m▄[48;5;243m██[48;5;16;38;5;16m█[48;5;246;38;5;246m███████[48;5;243;38;5;243m█████[38;5;239m▄[48;5;239m█[48;5;246;38;5;246m█[48;5;250;38;5;250m███████[48;5;246;38;5;246m█████[48;5;243;38;5;243m█[48;5;16;38;5;16m█[48;5;246;38;5;246m██[48;5;16m▄[49;38;5;16m▄[39m           [00m        
             [48;5;16;38;5;16m█[48;5;243;38;5;243m███[48;5;16;38;5;16m█[48;5;246;38;5;246m██████[38;5;243m▄[48;5;243m████[38;5;239m▄[48;5;239m██[48;5;246;38;5;246m█[48;5;250;38;5;250m█████[38;5;246m▄[48;5;246m██████[48;5;243;38;5;243m█[48;5;16;38;5;16m█[48;5;246;38;5;246m███[48;5;16;38;5;16m█[49;39m           [00m        
            [38;5;16m▄[48;5;16;38;5;243m▄[48;5;243m██[48;5;16;38;5;16m█[48;5;246;38;5;246m██████[38;5;243m▄[48;5;243m████[38;5;239m▄[48;5;239m███[48;5;246;38;5;246m█[48;5;250m▄▄▄[48;5;246m████████[38;5;243m▄[48;5;243m██[48;5;16;38;5;16m█[48;5;246;38;5;246m██[48;5;16m▄[49;38;5;16m▄[39m          [00m        
            [48;5;16;38;5;16m█[48;5;243;38;5;243m███[48;5;16;38;5;16m█[48;5;246;38;5;246m█████[38;5;243m▄[48;5;243m██[38;5;239m▄▄[48;5;239;38;5;16m▄▄▄[48;5;16;38;5;246m▄▄▄▄[48;5;246;38;5;16m▄▄▄[38;5;246m█████[38;5;243m▄[48;5;243m████[48;5;16;38;5;16m█[48;5;246;38;5;246m███[48;5;16;38;5;16m█[49;39m          [00m        
           [38;5;16m▄[48;5;16;38;5;243m▄[48;5;243m██[38;5;16m▄[48;5;16;38;5;246m▄[48;5;246m███[38;5;243m▄[48;5;243m█[38;5;16m▄▄[48;5;16;38;5;246m▄▄▄[48;5;246m██████████[48;5;16;38;5;243m▄▄▄[48;5;243;38;5;16m▄▄[38;5;243m█████[48;5;16m▄[48;5;246;38;5;16m▄[38;5;246m██[48;5;16m▄[49;38;5;16m▄[39m         [00m        
           [48;5;16;38;5;16m█[48;5;243;38;5;243m███[48;5;16;38;5;16m█[48;5;246;38;5;246m██[38;5;16m▄[48;5;243m▄[48;5;16;38;5;246m▄▄[48;5;246m█████[38;5;16m▄▄▄[48;5;16m█[38;5;240m▄▄[38;5;16m█[48;5;246m▄▄[48;5;243m▄[38;5;243m█████[48;5;16m▄▄[48;5;243;38;5;16m▄▄[38;5;243m██[48;5;16;38;5;16m█[48;5;246;38;5;246m███[48;5;16;38;5;16m█[49;39m         [00m        
          [38;5;16m▄[48;5;16;38;5;243m▄[48;5;243m██[38;5;16m▄[48;5;16m█[38;5;246m▄▄[48;5;246;38;5;246m▄▄[38;5;246m▄▄[38;5;16m▄▄[48;5;16;38;5;240m▄▄[38;5;16m▄[48;5;234;38;5;16m▄[38;5;234m██[48;5;16;38;5;16m█[48;5;240;38;5;103m▄▄[48;5;16;38;5;16m█[48;5;236;38;5;236m██[38;5;16m▄[48;5;16m▄[38;5;251m▄[38;5;251m▄[48;5;243;38;5;16m▄▄[38;5;243m▄[38;5;243m▄[38;5;243m▄▄[48;5;16m▄[38;5;243m▄[38;5;16m█[48;5;246m▄[38;5;246m██[48;5;16m▄[49;38;5;16m▄[39m        [00m        
          [48;5;16;38;5;16m█[48;5;243;38;5;243m███[48;5;16;38;5;16m▄[48;5;246;38;5;246m▄[48;5;246;38;5;247m▄[48;5;246;38;5;247m▄[48;5;247;38;5;232m▄[48;5;247;38;5;233m▄[48;5;232;38;5;234m▄[38;5;233m▄[48;5;60;38;5;233m▄[48;5;60;38;5;96m▄[48;5;60;38;5;96m▄[48;5;60;38;5;96m▄[48;5;240;38;5;96m▄[48;5;240;38;5;103m▄[48;5;16;38;5;103m▄[38;5;103m▄[38;5;103m▄[48;5;103m▄[38;5;251m▄[48;5;16;38;5;251m▄[38;5;251m▄[48;5;16;38;5;251m▄[48;5;251;38;5;251m▄[48;5;251;38;5;251m▄[48;5;251;38;5;251m▄[38;5;251m▄[48;5;251;38;5;251m▄[48;5;251;38;5;233m▄[48;5;232;38;5;233m▄[48;5;232;38;5;234m▄[48;5;243;38;5;233m▄[48;5;243;38;5;232m▄[48;5;243;38;5;239m▄[48;5;239;38;5;239m▄[48;5;239;38;5;239m▄[48;5;16;38;5;16m█[48;5;246;38;5;246m███[48;5;16;38;5;16m█[49;39m        [00m        
         [38;5;16m▄[48;5;16;38;5;243m▄[48;5;243m██[48;5;16;38;5;16m█[48;5;246;38;5;246m█[48;5;246;38;5;247m▄[48;5;247;38;5;247m▄[48;5;232;38;5;233m▄[48;5;234;38;5;234m▄[48;5;235;38;5;237m▄[48;5;236;38;5;95m▄[48;5;236;38;5;131m▄[48;5;236;38;5;131m▄[48;5;235;38;5;131m▄[48;5;235;38;5;95m▄[48;5;234;38;5;95m▄[48;5;139;38;5;236m▄[48;5;139;38;5;235m▄[48;5;103;38;5;234m▄[48;5;103;38;5;233m▄[48;5;103;38;5;103m▄[48;5;251;38;5;251m▄[48;5;251;38;5;251m▄[48;5;251;38;5;251m▄[48;5;251;38;5;234m▄[48;5;251;38;5;235m▄[48;5;251;38;5;236m▄[48;5;251;38;5;95m▄[48;5;235;38;5;95m▄[48;5;235;38;5;131m▄[48;5;236;38;5;131m▄[48;5;236;38;5;131m▄[48;5;236;38;5;95m▄[48;5;235;38;5;95m▄[48;5;235;38;5;236m▄[48;5;234;38;5;233m▄[48;5;232;38;5;232m▄[48;5;239;38;5;239m▄[48;5;239;38;5;239m▄[48;5;239;38;5;239m█[48;5;16;38;5;16m█[48;5;246;38;5;246m██[48;5;16m▄[49;38;5;16m▄[39m       [00m        
         [48;5;16;38;5;16m█[48;5;243;38;5;243m███[48;5;16;38;5;16m█[48;5;246;38;5;16m▄[48;5;247;38;5;232m▄[48;5;247;38;5;232m▄[48;5;234;38;5;234m▄[48;5;132;38;5;132m▄[48;5;95;38;5;95m▄[48;5;131;38;5;217m▄[48;5;131m▄[48;5;131m▄▄[48;5;131;38;5;131m▄[48;5;131m▄[48;5;131;38;5;131m▄[48;5;95;38;5;131m▄[48;5;95;38;5;95m▄[48;5;235;38;5;236m▄[48;5;233;38;5;235m▄[48;5;233;38;5;235m▄[48;5;233;38;5;235m▄[48;5;234;38;5;236m▄[48;5;236;38;5;95m▄[48;5;95;38;5;131m▄[48;5;131;38;5;131m▄[48;5;131;38;5;131m▄[48;5;131m▄[48;5;131m▄[48;5;131;38;5;217m▄[48;5;131m▄[48;5;131m▄[48;5;95m▄[48;5;236;38;5;95m▄[48;5;139;38;5;139m▄[48;5;233;38;5;233m▄[48;5;239;38;5;232m▄[48;5;239;38;5;16m▄[48;5;239;38;5;16m▄[48;5;16m█[48;5;246;38;5;246m███[48;5;16;38;5;16m█[49;39m       [00m        
        [48;5;16;38;5;16m█[48;5;243;38;5;243m██[38;5;16m▄[48;5;16;38;5;243m▄[48;5;243m█[48;5;243;38;5;243m█[48;5;243;38;5;243m▄[48;5;243;38;5;232m▄[48;5;234;38;5;95m▄[48;5;132;38;5;96m▄[48;5;138;38;5;132m▄[48;5;131;38;5;174m▄[48;5;217;38;5;131m▄[38;5;217m██████[48;5;131m▄[48;5;95;38;5;236m▄[48;5;236;38;5;235m▄[48;5;234;38;5;95m▄[48;5;234;38;5;96m▄[48;5;237;38;5;236m▄[48;5;95;38;5;95m▄[48;5;131;38;5;217m▄[48;5;217m██████[38;5;131m▄[48;5;131;38;5;138m▄[48;5;138;38;5;138m▄[48;5;139;38;5;139m▄[48;5;233;38;5;103m▄[48;5;239;38;5;232m▄[48;5;239;38;5;239m▄[48;5;239;38;5;239m██[48;5;16m▄[48;5;246;38;5;16m▄[38;5;246m██[48;5;16;38;5;16m█[49;39m      [00m        
       [48;5;16;38;5;16m█[48;5;243;38;5;243m███[48;5;16;38;5;16m█[38;5;243m▄▄[48;5;16m▄[48;5;16;38;5;243m▄[48;5;232;38;5;16m▄[48;5;240;38;5;232m▄[48;5;95;38;5;240m▄[48;5;96;38;5;95m▄[48;5;132;38;5;138m▄[48;5;174;38;5;138m▄[48;5;131;38;5;138m▄[48;5;131;38;5;138m▄[48;5;131;38;5;138m▄[48;5;131;38;5;138m▄[48;5;131;38;5;132m▄[48;5;131;38;5;132m▄[48;5;95;38;5;96m▄[48;5;235;38;5;95m▄[48;5;234;38;5;233m▄[48;5;95;38;5;95m▄[48;5;95;38;5;95m▄[48;5;235;38;5;234m▄[48;5;95;38;5;139m▄[48;5;95;38;5;138m▄[48;5;131;38;5;138m▄[48;5;131;38;5;138m▄[48;5;131;38;5;138m▄[48;5;131;38;5;252m▄[48;5;131;38;5;252m▄[48;5;131;38;5;252m▄[48;5;138;38;5;252m▄[48;5;138;38;5;252m▄[48;5;139;38;5;103m▄[48;5;103;38;5;103m▄[48;5;103;38;5;232m▄[48;5;16;38;5;16m█[48;5;16;38;5;239m▄[48;5;16m▄▄▄[38;5;16m█[48;5;246;38;5;246m█[38;5;250m▄[48;5;250m█[48;5;16;38;5;16m█[49;39m     [00m        
      [48;5;16;38;5;16m█[48;5;243;38;5;243m████[48;5;16;38;5;16m█[48;5;243;38;5;243m██[38;5;246m▄[48;5;243m▄[48;5;16;38;5;16m▄[48;5;239;38;5;239m▄[48;5;232;38;5;239m▄[48;5;103;38;5;232m▄[48;5;103;38;5;103m▄[48;5;139;38;5;103m▄[48;5;139;38;5;103m▄[48;5;139;38;5;103m▄[48;5;138;38;5;103m▄▄[48;5;139;38;5;103m▄[48;5;95;38;5;103m▄[48;5;95;38;5;240m▄[48;5;95;38;5;240m▄[48;5;232;38;5;232m▄[48;5;103;38;5;103m▄[48;5;103;38;5;103m▄[48;5;233;38;5;232m▄[48;5;139;38;5;103m▄[48;5;139;38;5;103m▄[48;5;138;38;5;251m▄[48;5;252;38;5;251m▄[48;5;252m▄[48;5;252;38;5;251m▄[48;5;252;38;5;251m▄[48;5;252;38;5;251m▄[48;5;251;38;5;251m▄[48;5;251;38;5;251m▄[48;5;251;38;5;16m▄[48;5;232;38;5;103m▄[48;5;103;38;5;103m▄[48;5;16;38;5;16m▄[48;5;239;38;5;239m██[38;5;243m▄▄[48;5;16;38;5;16m█[48;5;250;38;5;250m████[48;5;16;38;5;16m█[49;39m    [00m        
    [38;5;16m▄[48;5;16;38;5;243m▄[48;5;243m█████[48;5;16;38;5;16m█[48;5;243m▄[48;5;246m▄▄▄[48;5;16m█[48;5;239m▄[48;5;239m▄[48;5;103m▄[48;5;16m▄[48;5;103m▄[38;5;103m▄[48;5;103m▄[48;5;103m▄▄[48;5;103m▄[38;5;16m▄[48;5;103m▄[48;5;16;38;5;103m▄[38;5;16m▄[48;5;251;38;5;251m▄▄[48;5;16;38;5;16m▄[38;5;251m▄[48;5;251;38;5;16m▄[48;5;251m▄[38;5;251m▄▄▄[48;5;251m▄[48;5;251m▄[48;5;251;38;5;16m▄[48;5;16m▄[48;5;251m▄[48;5;103m▄▄[48;5;16m█[48;5;239m▄[48;5;243m▄▄▄[48;5;16m█[48;5;250;38;5;250m█████[48;5;16m▄[49;38;5;16m▄[39m  [00m        
 [38;5;16m▄[48;5;16;38;5;243m▄[48;5;243m██████████[48;5;16;38;5;16m█[48;5;246;38;5;246m█████[48;5;16;38;5;16m█[48;5;103;38;5;103m█[48;5;16m▄[48;5;103;38;5;16m▄▄[48;5;16;38;5;251m▄▄[48;5;251m█[48;5;103m▄[38;5;103m█[48;5;16;38;5;16m█[38;5;103m▄▄[38;5;16m█[48;5;251;38;5;251m███[48;5;16m▄▄[48;5;251;38;5;16m▄▄[48;5;16;38;5;251m▄[48;5;251m█[48;5;16;38;5;16m█[48;5;243;38;5;243m█████[48;5;16;38;5;16m█[48;5;250;38;5;250m█████[38;5;246m▄▄[48;5;246m███[48;5;16m▄[49;38;5;16m▄[39m[00m        
 [48;5;16;38;5;16m█[38;5;243m▄▄▄▄▄▄[48;5;243;38;5;16m▄[38;5;243m████[48;5;16;38;5;16m█[48;5;246;38;5;246m█████[48;5;16;38;5;16m█[48;5;103;38;5;103m██[48;5;16;38;5;16m█[48;5;251;38;5;251m██████[48;5;16m▄▄▄▄[48;5;251m██████[48;5;16;38;5;16m█[48;5;251;38;5;251m██[48;5;16;38;5;16m█[48;5;243;38;5;243m█████[48;5;16;38;5;16m█[48;5;250;38;5;250m███[38;5;246m▄[48;5;246;38;5;16m▄[48;5;16;38;5;246m▄▄▄▄▄▄[38;5;16m█[49;39m[00m        
 [48;5;16;38;5;16m█[48;5;243m▄▄▄▄[38;5;243m██[48;5;16;38;5;16m█[48;5;243;38;5;243m████[48;5;16;38;5;16m█[48;5;246;38;5;246m█████[48;5;16;38;5;16m█[48;5;103;38;5;103m██[48;5;16;38;5;16m█[48;5;251;38;5;251m███[38;5;16m▄[48;5;16;38;5;251m▄▄▄▄▄▄▄▄[48;5;251;38;5;16m▄[38;5;251m███[48;5;16;38;5;16m█[48;5;251;38;5;251m██[48;5;16;38;5;16m█[48;5;243;38;5;243m█████[48;5;16;38;5;16m█[48;5;250;38;5;250m█[38;5;246m▄[48;5;246m██[48;5;16;38;5;16m█[48;5;246;38;5;246m██[38;5;16m▄▄▄▄[48;5;16m█[49;39m[00m        
 [48;5;16;38;5;16m█[48;5;243;38;5;243m█[48;5;235;38;5;235m█[48;5;243;38;5;243m█[48;5;16;38;5;16m█[48;5;243;38;5;243m██[48;5;16;38;5;16m█[48;5;243;38;5;243m████[48;5;16;38;5;16m█[48;5;246;38;5;246m█████[48;5;16;38;5;16m█[48;5;103;38;5;103m██[48;5;16;38;5;16m█[48;5;251;38;5;251m██████[38;5;16m▄▄▄▄[38;5;251m██████[48;5;16;38;5;16m█[48;5;251;38;5;251m██[48;5;16;38;5;16m█[48;5;243;38;5;243m█████[48;5;16;38;5;16m█[48;5;250;38;5;246m▄[48;5;246m███[48;5;16;38;5;16m█[48;5;246;38;5;246m██[48;5;16;38;5;16m█[48;5;246;38;5;246m█[48;5;235;38;5;235m█[48;5;246;38;5;246m█[48;5;16;38;5;16m█[49;39m[00m        
 [48;5;16;38;5;16m█[48;5;243;38;5;243m█[48;5;235;38;5;235m█[48;5;243;38;5;243m█[48;5;16;38;5;16m█[48;5;243;38;5;243m██[48;5;16;38;5;16m█[48;5;243;38;5;243m████[48;5;16;38;5;16m█[48;5;246;38;5;246m█████[48;5;16;38;5;16m█[48;5;103;38;5;103m██[48;5;16m▄[48;5;251;38;5;16m▄[38;5;251m█████[48;5;103m▄▄▄▄[48;5;251m█████[38;5;16m▄[48;5;16;38;5;251m▄[48;5;251m██[48;5;16;38;5;16m█[48;5;243;38;5;243m█████[48;5;16;38;5;16m█[48;5;246;38;5;246m████[48;5;16;38;5;16m█[48;5;246;38;5;246m██[48;5;16;38;5;16m█[48;5;246;38;5;246m█[48;5;235;38;5;235m█[48;5;246;38;5;243m▄[48;5;16;38;5;16m█[49;39m[00m        
 [48;5;16;38;5;16m█[48;5;243;38;5;243m█[48;5;235;38;5;235m█[48;5;243;38;5;243m█[48;5;16;38;5;16m█[48;5;243;38;5;243m██[48;5;16;38;5;16m█[48;5;243;38;5;243m███[48;5;239;38;5;239m█[48;5;16;38;5;16m█[48;5;246;38;5;246m█████[48;5;16;38;5;16m█[48;5;103;38;5;103m███[48;5;16;38;5;16m█[48;5;251;38;5;251m██████████████[48;5;16;38;5;16m█[48;5;251;38;5;251m███[48;5;16;38;5;16m█[48;5;243;38;5;243m█████[48;5;16;38;5;16m█[48;5;246;38;5;246m████[48;5;16;38;5;16m█[48;5;246;38;5;246m██[48;5;16;38;5;16m█[48;5;246;38;5;246m█[48;5;235;38;5;234m▄[48;5;243;38;5;243m█[48;5;16;38;5;16m█[49;39m[00m        
 [48;5;16;38;5;16m█[48;5;243;38;5;243m█[48;5;235;38;5;235m█[48;5;243;38;5;243m█[48;5;16;38;5;16m█[48;5;243;38;5;243m██[48;5;16;38;5;16m█[48;5;243;38;5;243m█[38;5;239m▄[48;5;239m██[48;5;16;38;5;16m█[48;5;246;38;5;246m████[38;5;243m▄[48;5;16;38;5;16m█[48;5;103;38;5;103m███[48;5;16;38;5;16m█[48;5;251;38;5;251m██████████████[48;5;16;38;5;16m█[48;5;251;38;5;251m███[48;5;16;38;5;16m█[48;5;243;38;5;243m█████[48;5;16;38;5;16m█[48;5;246;38;5;246m████[48;5;16;38;5;16m█[48;5;246;38;5;246m█[38;5;243m▄[48;5;16;38;5;16m█[48;5;243;38;5;243m█[48;5;234;38;5;234m█[48;5;243;38;5;243m█[48;5;16;38;5;16m█[49;39m[00m        
 [48;5;16;38;5;16m█[48;5;243;38;5;243m█[48;5;235;38;5;235m█[48;5;243;38;5;243m█[48;5;16;38;5;16m█[48;5;243;38;5;243m█[38;5;239m▄[48;5;16;38;5;16m█[48;5;239;38;5;239m████[48;5;16;38;5;16m█[48;5;246;38;5;243m▄▄[48;5;243m███[48;5;16;38;5;16m█[48;5;103;38;5;103m███[48;5;16m▄[48;5;251;38;5;16m▄[38;5;251m████████████[38;5;16m▄[48;5;16;38;5;251m▄[48;5;251m███[48;5;16;38;5;16m█[48;5;243;38;5;243m██[38;5;239m▄▄[48;5;239m█[48;5;16;38;5;16m█[48;5;246;38;5;246m██[38;5;243m▄▄[48;5;16;38;5;16m█[48;5;243;38;5;243m██[48;5;16;38;5;16m█[48;5;243;38;5;243m█[48;5;234;38;5;234m█[48;5;243;38;5;243m█[48;5;16;38;5;16m█[49;39m[00m        
 [48;5;16;38;5;16m█[48;5;243;38;5;243m█[48;5;235;38;5;235m█[48;5;243;38;5;239m▄[48;5;16;38;5;16m█[48;5;239;38;5;239m██[48;5;16;38;5;16m█[48;5;239;38;5;239m████[48;5;16;38;5;16m█[48;5;243;38;5;243m█████[48;5;16;38;5;16m█[38;5;234m▄[48;5;103;38;5;16m▄[38;5;103m██[48;5;16;38;5;16m█[48;5;251;38;5;251m████████████[48;5;16;38;5;16m█[48;5;251;38;5;251m██[38;5;16m▄[48;5;16;38;5;103m▄[38;5;16m█[48;5;239;38;5;239m█████[48;5;16;38;5;16m█[48;5;243;38;5;243m████[48;5;16;38;5;16m█[48;5;243;38;5;243m██[48;5;16;38;5;16m█[48;5;243;38;5;243m█[48;5;234;38;5;234m█[48;5;243;38;5;243m█[48;5;16;38;5;16m█[49;39m[00m        
 [48;5;16;38;5;16m█[48;5;239;38;5;239m█[48;5;234;38;5;234m█[48;5;239;38;5;239m█[48;5;16;38;5;16m█[48;5;239;38;5;239m██[48;5;16;38;5;16m█[48;5;239;38;5;239m████[48;5;16;38;5;16m█[48;5;243;38;5;243m█████[48;5;16;38;5;16m█[48;5;234;38;5;234m█[38;5;236m▄[48;5;16m▄[48;5;103;38;5;16m▄[48;5;16m█[48;5;251;38;5;251m████████████[48;5;16;38;5;16m█[48;5;251m▄[48;5;16;38;5;251m▄[48;5;103m▄[38;5;103m█[48;5;16;38;5;16m█[48;5;239;38;5;239m█████[48;5;16;38;5;16m█[48;5;243;38;5;243m████[48;5;16;38;5;16m█[48;5;243;38;5;243m██[48;5;16;38;5;16m█[48;5;243;38;5;243m█[48;5;234;38;5;234m█[48;5;243;38;5;243m█[48;5;16;38;5;16m█[49;39m[00m        
 [48;5;16;38;5;16m█[48;5;239m▄[48;5;234m▄[48;5;239m▄[48;5;16m█[48;5;239m▄▄[48;5;16m█[48;5;239m▄▄▄▄[48;5;16m█[48;5;243m▄▄▄▄▄[48;5;16m█[48;5;236;38;5;236m████[48;5;16m▄[38;5;239m▄▄▄▄▄▄[38;5;103m▄▄▄▄▄▄[38;5;251m▄[48;5;251m████[48;5;16;38;5;16m█[48;5;239m▄▄▄▄▄[48;5;16m█[48;5;243m▄▄▄▄[48;5;16m█[48;5;243m▄▄[48;5;16m█[48;5;243m▄[48;5;234m▄[48;5;243m▄[48;5;16m█[49;39m[00m        
            [48;5;16;38;5;16m█[48;5;234m▄▄▄▄▄▄[48;5;236m▄▄▄▄▄▄[48;5;239m▄▄▄▄▄▄[48;5;103m▄▄▄▄▄▄[48;5;251m▄▄▄▄▄▄[48;5;103m▄▄▄▄▄▄[48;5;16m█[49;39m           [00m        
                                                             [00m        
