                    [48;5;16;38;5;16m█[49;39m              [00m
               [38;5;16m▄▄[48;5;16;38;5;220m▄▄▄[48;5;220m█[48;5;16m▄▄▄[49;38;5;16m▄▄[39m         [00m
            [38;5;16m▄▄▄[48;5;16;38;5;220m▄▄[48;5;220m███████[48;5;16m▄▄[49;38;5;16m▄▄▄[39m      [00m
           [48;5;16;38;5;16m█[48;5;220;38;5;220m█████████████████[48;5;16;38;5;16m█[49;39m     [00m
        [38;5;16m▄[48;5;16;38;5;220m▄▄[48;5;220m███████████████████[48;5;16m▄▄[49;38;5;16m▄[39m  [00m
      [38;5;16m▄▄[48;5;16m█[48;5;220m▄▄▄▄▄▄▄▄▄▄▄▄▄▄▄▄▄▄▄▄▄▄▄[48;5;16;38;5;16m▄[49;38;5;16m▄▄[39m[00m
            [48;5;16;38;5;16m███[48;5;228;38;5;228m██[48;5;231;38;5;231m██████[48;5;228;38;5;228m█[48;5;231;38;5;231m███[48;5;16;38;5;16m██[49;39m      [00m
        [38;5;16m▄▄▄[48;5;16m████[48;5;228;38;5;228m███[48;5;231;38;5;16m▄▄▄▄▄[48;5;228m▄[48;5;231;38;5;228m▄▄[48;5;228;38;5;16m▄[48;5;16m██[49m▄[39m     [00m
      [38;5;16m▄▄[48;5;16m███[38;5;231m▄▄▄[38;5;69m▄[48;5;228;38;5;16m▄▄[38;5;228m█[48;5;16m▄▄▄▄▄▄[48;5;228;38;5;16m▄▄[48;5;16m████[49m▄▄[39m   [00m
      [48;5;16;38;5;16m██[48;5;231;38;5;231m███████[48;5;69;38;5;69m██[48;5;16;38;5;16m███[48;5;16;38;5;16m█[48;5;16;38;5;16m███[48;5;69;38;5;69m██[48;5;231;38;5;231m████[48;5;16;38;5;16m██[49;39m   [00m
     [48;5;16;38;5;16m█[48;5;231;38;5;231m██████[48;5;16;38;5;16m██[48;5;231;38;5;231m█[48;5;69;38;5;69m███[48;5;16;38;5;16m███[48;5;69;38;5;69m███[48;5;16;38;5;16m██[48;5;231;38;5;231m██████[48;5;16;38;5;16m█[49;39m  [00m
     [48;5;16;38;5;16m█[38;5;228m▄▄[38;5;228m▄▄▄[38;5;16m▄[38;5;16m██[48;5;231;38;5;231m███[48;5;69;38;5;69m█[48;5;16m▄▄[48;5;69m█[38;5;231m▄▄[48;5;231m█[48;5;16;38;5;16m██[38;5;16m▄[38;5;228m▄▄[38;5;228m▄[38;5;228m▄▄[38;5;16m█[49;39m  [00m
     [48;5;16;38;5;16m█[48;5;228;38;5;228m▄▄[48;5;228;38;5;228m▄[38;5;228m██[48;5;16;38;5;16m█[48;5;16;38;5;16m██[48;5;231m▄▄▄[48;5;69m▄▄▄▄[48;5;231m▄▄▄[48;5;16m██[48;5;16;38;5;16m█[48;5;228;38;5;228m▄▄[48;5;228m█[48;5;228;38;5;228m▄▄[48;5;16;38;5;16m█[49;39m  [00m
      [48;5;16;38;5;16m█████[48;5;16;38;5;16m█[48;5;16;38;5;16m██[48;5;231;38;5;231m█[48;5;16;38;5;16m██[48;5;69;38;5;69m████[48;5;16;38;5;16m██[48;5;231;38;5;231m█[48;5;16;38;5;16m████████[49;39m   [00m
         [38;5;16m▄▄[48;5;16;38;5;231m▄[48;5;231m███[48;5;16;38;5;16m██[48;5;69;38;5;69m▄[38;5;69m██[38;5;69m▄[48;5;16;38;5;16m██[48;5;231;38;5;231m███[48;5;16m▄[49;38;5;16m▄▄[39m      [00m
        [38;5;16m▄[48;5;16m██[48;5;231;38;5;231m████[48;5;16;38;5;16m██[48;5;69m▄[48;5;69m▄▄[48;5;69m▄[48;5;16m██[48;5;231;38;5;231m████[48;5;16;38;5;16m██[49m▄[39m     [00m
     [48;5;16;38;5;16m███[48;5;231;38;5;231m███████[48;5;16;38;5;16m██[49;39m    [48;5;16;38;5;16m██[48;5;231;38;5;231m███████[48;5;16;38;5;16m███[49;39m  [00m
   [48;5;16;38;5;16m██[48;5;231m▄▄▄▄▄▄▄▄▄▄[48;5;16;38;5;16m▄▄[49;39m    [48;5;16;38;5;16m██[48;5;231m▄▄▄▄▄▄▄▄▄▄[48;5;16m██[49;39m[00m
   [38;5;16m▀▀▀▀▀▀▀▀▀▀▀▀[38;5;16m▀▀[39m    [38;5;16m▀▀▀▀▀▀▀▀▀▀▀▀▀▀[39m[00m
                                   [00m
