             [38;5;16m▄[48;5;16;38;5;136m▄[49;38;5;16m▄▄▄[39m                       [00m
           [38;5;16m▄[48;5;16;38;5;179m▄[48;5;179;38;5;222m▄[48;5;136;38;5;136m█[38;5;179m▄[48;5;222;38;5;136m▄▄[48;5;16;38;5;222m▄[38;5;230m▄[49;38;5;16m▄▄▄[39m                  [00m
          [38;5;16m▄[48;5;16;38;5;179m▄[48;5;179;38;5;222m▄[48;5;136;38;5;136m█[48;5;179;38;5;179m█[48;5;230;38;5;230m██[48;5;222m▄[48;5;136m▄[38;5;222m▄[48;5;222;38;5;136m▄[48;5;230m▄[38;5;222m▄[48;5;16;38;5;230m▄▄[49;38;5;16m▄▄[39m              [00m
         [38;5;16m▄[48;5;16;38;5;179m▄[48;5;179;38;5;222m▄[48;5;136;38;5;136m█[48;5;179;38;5;179m█[48;5;222;38;5;222m█[48;5;230m▄[38;5;230m█████[48;5;222m▄[48;5;136m▄[38;5;222m▄[48;5;222;38;5;136m▄[38;5;16m▄[48;5;230m▄[49m▀[39m             [00m
        [38;5;16m▄[48;5;16;38;5;179m▄[48;5;179;38;5;222m▄[48;5;222;38;5;136m▄[48;5;136;38;5;179m▄[48;5;222;38;5;222m███[48;5;230m▄[38;5;230m██[38;5;16m▄▄▄[48;5;222m▄[49m▀▀[39m                [00m
       [38;5;16m▄[48;5;16;38;5;179m▄[48;5;179m█[48;5;222;38;5;136m▄[48;5;136;38;5;179m▄[48;5;179m█[48;5;222;38;5;16m▄▄▄▄[48;5;16;38;5;232m▄▄[48;5;105m▄[48;5;147;38;5;138m▄[48;5;232;38;5;137m▄[48;5;16;38;5;16m█[49;39m                  [00m
       [38;5;16m▀▀▀▀▀▀▀[48;5;16m█[48;5;232m▄[38;5;232m█[38;5;137m▄[48;5;138;38;5;138m█[48;5;180;38;5;137m▄▄[48;5;137;38;5;16m▄[49m▀[39m             [38;5;16m▄[48;5;16;38;5;138m▄[49;38;5;16m▄[39m  [00m
          [38;5;16m▄▄▄[48;5;16;38;5;251m▄[48;5;232;38;5;232m█[38;5;233m▄[48;5;16m▄[48;5;137;38;5;16m▄▄[48;5;138m▄[48;5;180m▄[48;5;16m█[49m▄▄[39m           [48;5;16;38;5;16m█[48;5;137;38;5;138m▄[48;5;180;38;5;16m▄[48;5;16m█[38;5;138m▄[49;38;5;16m▄[39m[00m
       [38;5;16m▄[48;5;16;38;5;23m▄▄[48;5;23m██[48;5;232m▄[48;5;16;38;5;232m▄[48;5;251;38;5;16m▄[48;5;232;38;5;251m▄[48;5;233;38;5;232m▄▄▄▄[48;5;232;38;5;233m▄[48;5;251;38;5;232m▄[48;5;232;38;5;16m▄[48;5;23;38;5;232m▄[48;5;16;38;5;23m▄[38;5;232m▄[49;38;5;16m▄[39m       [38;5;16m▄[48;5;16;38;5;138m▄[48;5;138;38;5;16m▄[48;5;16;38;5;138m▄[38;5;16m█[48;5;180m▄[48;5;16m█[49;39m[00m
      [48;5;16;38;5;16m█[38;5;248m▄[48;5;232;38;5;16m▄[48;5;23;38;5;232m▄[48;5;24;38;5;24m█[38;5;31m▄▄[48;5;23;38;5;24m▄[48;5;232;38;5;232m█[48;5;16;38;5;16m█[48;5;251;38;5;251m█[48;5;233;38;5;234m▄▄▄[48;5;232;38;5;233m▄[48;5;233;38;5;232m▄[48;5;16;38;5;251m▄[48;5;232;38;5;16m▄[48;5;24;38;5;232m▄[48;5;23;38;5;24m▄[48;5;232;38;5;232m█[48;5;16;38;5;16m█[49;39m      [48;5;16;38;5;16m█[48;5;180;38;5;137m▄[48;5;16;38;5;138m▄[48;5;180m▄[38;5;180m█[48;5;138m▄[48;5;16;38;5;16m█[49;39m[00m
    [38;5;16m▄[48;5;16;38;5;251m▄[48;5;251;38;5;231m▄[48;5;248;38;5;251m▄[48;5;16;38;5;16m█[48;5;232;38;5;232m█[48;5;31;38;5;24m▄[38;5;31m███[48;5;24m▄[48;5;232;38;5;24m▄[48;5;16;38;5;232m▄[48;5;251;38;5;16m▄[48;5;233m▄[48;5;234m▄[48;5;233m▄[48;5;232m▄[48;5;251m▄[48;5;16m█[48;5;232;38;5;232m█[48;5;24;38;5;24m█[48;5;232;38;5;232m█[48;5;16;38;5;16m█[38;5;251m▄[49;38;5;16m▄▄[39m   [38;5;16m▄[48;5;16;38;5;232m▄[48;5;137;38;5;16m▄▄[48;5;138m▄[49m▀[39m [00m
   [38;5;16m▄[48;5;16;38;5;142m▄[48;5;232m▄▄[48;5;231;38;5;232m▄[48;5;16;38;5;251m▄[48;5;232;38;5;16m▄[48;5;24;38;5;232m▄[48;5;31;38;5;24m▄[38;5;31m████[48;5;24m▄[48;5;232m▄▄▄▄▄▄▄[48;5;24m▄[38;5;24m█[48;5;232;38;5;232m█[48;5;16;38;5;16m█[48;5;231;38;5;231m██[48;5;232;38;5;232m█[48;5;16;38;5;231m▄[38;5;248m▄[38;5;16m█[48;5;232;38;5;232m███[38;5;16m▄[49m▀[39m  [00m
   [48;5;16;38;5;16m█[48;5;142;38;5;226m▄[48;5;232;38;5;232m█[48;5;226m▄[48;5;142;38;5;226m▄[48;5;232;38;5;232m██[48;5;16;38;5;16m█[48;5;232;38;5;232m█[48;5;24;38;5;23m▄[48;5;31;38;5;24m▄[38;5;31m█████████[48;5;24;38;5;24m█[48;5;31;38;5;31m█[48;5;24;38;5;23m▄[48;5;232;38;5;16m▄[48;5;16;38;5;251m▄[48;5;231m▄[48;5;232;38;5;232m█[38;5;251m▄[48;5;251m██[48;5;16;38;5;248m▄[48;5;232;38;5;16m▄[38;5;232m█[49;38;5;16m▀[39m    [00m
   [48;5;16;38;5;16m█[48;5;232;38;5;142m▄[38;5;232m█[48;5;226;38;5;226m█[48;5;232;38;5;142m▄[38;5;232m█[48;5;16;38;5;251m▄[38;5;248m▄[38;5;16m█[48;5;232m▄[48;5;23;38;5;23m█[48;5;24m▄▄▄[48;5;31;38;5;24m▄▄▄▄[38;5;31m█[38;5;24m▄[48;5;23;38;5;23m█[48;5;31;38;5;24m▄[48;5;23;38;5;23m█[48;5;16;38;5;16m█[48;5;248;38;5;248m█[48;5;232;38;5;232m█[38;5;248m▄[48;5;251m▄▄[48;5;248m██[38;5;16m▄[49m▀[39m     [00m
   [38;5;16m▀[48;5;232m▄[48;5;142;38;5;232m▄▄[48;5;232;38;5;231m▄[48;5;231;38;5;251m▄[48;5;248;38;5;16m▄[48;5;16;38;5;232m▄[38;5;233m▄[38;5;234m▄▄[48;5;23;38;5;16m▄▄[48;5;16;38;5;137m▄[38;5;138m▄[38;5;180m▄[38;5;138m▄[48;5;23;38;5;16m▄[48;5;24;38;5;23m▄[48;5;23m█[48;5;24m▄[48;5;23m█[48;5;16;38;5;16m█[49;39m [38;5;16m▀▀▀▀▀▀▀[39m       [00m
     [38;5;16m▀[48;5;248m▄[48;5;251m▄[48;5;248m▄[48;5;232;38;5;232m█[48;5;233m▄▄▄[48;5;232;38;5;16m▄[38;5;233m▄[48;5;233m█[48;5;232;38;5;234m▄[48;5;137m▄[48;5;138;38;5;233m▄[48;5;180;38;5;232m▄[48;5;16;38;5;16m█[48;5;23m▄▄▄[48;5;16m█[49;39m                [00m
         [38;5;16m▀[48;5;16m█[38;5;248m▄[38;5;16m█[38;5;232m▄[48;5;232;38;5;16m▄[48;5;233m▄▄▄[48;5;232m▄[48;5;16m█[48;5;233m▄[48;5;234m▄[48;5;233m▄[48;5;232m▄[48;5;16m█[49m▄[39m               [00m
         [38;5;16m▄[48;5;16;38;5;248m▄[48;5;251;38;5;251m█[48;5;16;38;5;16m█[48;5;232;38;5;232m█[48;5;23;38;5;23m████[38;5;24m▄▄[38;5;23m██[38;5;24m▄▄[48;5;232;38;5;23m▄[48;5;16;38;5;232m▄[38;5;16m█[49m▄[39m             [00m
         [48;5;16;38;5;16m█[48;5;251;38;5;251m█[48;5;231;38;5;231m█[48;5;16;38;5;16m█[48;5;232;38;5;232m█[48;5;23;38;5;23m██[38;5;24m▄[48;5;24;38;5;31m▄[48;5;31m██[48;5;24m▄[48;5;23;38;5;24m▄[38;5;23m█[48;5;24;38;5;24m█[48;5;23m▄[48;5;232;38;5;23m▄[48;5;16;38;5;232m▄[48;5;248;38;5;16m▄[48;5;16;38;5;248m▄[49;38;5;16m▄[39m           [00m
         [48;5;16;38;5;16m█[48;5;251;38;5;251m█[48;5;231;38;5;231m█[48;5;16;38;5;16m█[48;5;232;38;5;232m█[48;5;23;38;5;23m█[48;5;24;38;5;31m▄[48;5;31m██████[48;5;23;38;5;23m█[48;5;24;38;5;24m█[38;5;31m▄[48;5;23;38;5;24m▄[48;5;232m▄[48;5;16;38;5;232m▄[48;5;248;38;5;16m▄[48;5;16;38;5;248m▄[49;38;5;16m▄[39m          [00m
        [48;5;16;38;5;16m█[48;5;251;38;5;251m█[48;5;231;38;5;231m██[48;5;16;38;5;16m█[48;5;232;38;5;232m█[48;5;24;38;5;24m█[48;5;31;38;5;31m█[48;5;24;38;5;23m▄[48;5;31;38;5;24m▄[38;5;31m████[48;5;24m▄[38;5;24m█[38;5;23m▄[48;5;31;38;5;31m█[48;5;24;38;5;24m█[48;5;232;38;5;232m█[48;5;16;38;5;16m█[48;5;248;38;5;248m█[48;5;16;38;5;16m█[49;39m          [00m
        [48;5;16;38;5;16m█[48;5;251;38;5;251m█[48;5;231;38;5;231m██[48;5;16;38;5;16m█[48;5;232;38;5;232m█[48;5;24;38;5;24m█[38;5;23m▄[48;5;23m██[48;5;24m▄[48;5;31;38;5;24m▄▄▄[48;5;24;38;5;23m▄[48;5;23m██[48;5;24m▄[48;5;31m▄[48;5;24;38;5;24m█[48;5;232;38;5;232m█[48;5;16;38;5;16m█[48;5;248;38;5;251m▄[48;5;16;38;5;16m█[49;39m         [00m
        [48;5;16;38;5;16m█[48;5;251;38;5;248m▄[48;5;231;38;5;251m▄[38;5;231m█[48;5;251m▄[48;5;16;38;5;251m▄[48;5;232;38;5;16m▄▄▄▄▄▄▄▄▄▄▄▄▄▄▄[48;5;16;38;5;248m▄[48;5;251;38;5;251m█[48;5;16;38;5;16m█[49;39m         [00m
        [48;5;16;38;5;16m█[48;5;248;38;5;248m█[48;5;251;38;5;251m█[48;5;231;38;5;231m█████[48;5;251;38;5;251m█[48;5;16;38;5;16m█[49;39m   [38;5;16m▀[48;5;248m▄[38;5;248m████[38;5;251m▄[48;5;251;38;5;231m▄[48;5;231m██[48;5;16;38;5;248m▄[49;38;5;16m▄[39m        [00m
        [48;5;16;38;5;16m█[48;5;248;38;5;248m█[48;5;251;38;5;251m█[48;5;231;38;5;231m██████[48;5;16;38;5;16m█[49;39m     [48;5;16;38;5;16m█[48;5;248;38;5;248m██[48;5;251;38;5;251m█[48;5;231;38;5;231m███[38;5;251m▄[48;5;251m█[48;5;16;38;5;248m▄[49;38;5;16m▄[39m       [00m
        [48;5;16;38;5;16m█[48;5;248;38;5;251m▄[48;5;251;38;5;231m▄[38;5;251m█[48;5;231m▄[38;5;231m███[38;5;251m▄[48;5;16;38;5;16m█[49;39m      [48;5;16;38;5;16m█[48;5;248;38;5;248m█[48;5;251m▄▄▄▄[48;5;248m█[38;5;231m▄[48;5;251;38;5;251m█[48;5;16;38;5;16m█[49;39m       [00m
        [48;5;16;38;5;16m█[48;5;251m▄[48;5;231;38;5;251m▄▄[38;5;231m█[48;5;251m▄▄▄[48;5;248;38;5;251m▄[48;5;16;38;5;16m█[49;39m      [48;5;16;38;5;16m█[48;5;251;38;5;251m█[48;5;248m▄[38;5;231m▄▄[48;5;231;38;5;251m▄[38;5;16m▄[48;5;251m▄[48;5;16m██[49;39m       [00m
       [48;5;16;38;5;16m█[48;5;248;38;5;248m██[48;5;16;38;5;251m▄▄▄[48;5;251;38;5;16m▄▄[48;5;248m▄[49m▀[39m        [38;5;16m▀[48;5;251m▄▄▄[48;5;16;38;5;248m▄[48;5;248;38;5;251m▄[38;5;231m▄▄[48;5;16;38;5;16m█[49;39m       [00m
       [48;5;16;38;5;16m█[48;5;248;38;5;248m██[48;5;251;38;5;251m█[48;5;231;38;5;231m███[48;5;251;38;5;16m▄[49m▀[39m           [48;5;16;38;5;16m█[48;5;248;38;5;248m█[48;5;251;38;5;251m██[48;5;231;38;5;231m██[48;5;16;38;5;16m█[49;39m       [00m
       [48;5;16;38;5;16m█[48;5;248;38;5;248m█[38;5;251m▄[48;5;251m█[48;5;231;38;5;231m██[48;5;16;38;5;16m█[49;39m             [38;5;16m▀[48;5;248m▄[38;5;248m█[48;5;251;38;5;251m█[48;5;231m▄[38;5;231m█[48;5;16;38;5;16m█[49;39m       [00m
       [48;5;16;38;5;16m█[48;5;248;38;5;248m█[48;5;251;38;5;251m█[48;5;231;38;5;231m██[48;5;16;38;5;16m█[49;39m               [38;5;16m▀[48;5;248m▄[48;5;251;38;5;248m▄[38;5;251m█[48;5;231;38;5;231m█[48;5;16m▄[49;38;5;16m▄[39m      [00m
       [48;5;16;38;5;16m█[48;5;248;38;5;248m█[48;5;251;38;5;251m█[48;5;231;38;5;231m█[48;5;16;38;5;16m█[49;39m                 [38;5;16m▀[48;5;248m▄[38;5;248m█[48;5;251;38;5;251m█[48;5;248;38;5;16m▄[48;5;16m█[49;39m      [00m
       [48;5;16;38;5;16m█[38;5;248m▄▄[48;5;251;38;5;16m▄[48;5;16m█[49;39m                  [48;5;16;38;5;16m█[38;5;248m▄▄[48;5;248m██[48;5;16m▄[49;38;5;16m▄[39m    [00m
      [48;5;16;38;5;16m█[48;5;248;38;5;248m████[48;5;16;38;5;16m█[49;39m                  [38;5;16m▀[48;5;248m▄▄[38;5;248m███[38;5;251m▄[48;5;16m▄[38;5;248m▄[49;38;5;16m▄[39m [00m
     [48;5;16;38;5;16m█[48;5;248m▄[48;5;251m▄▄[48;5;248m▄▄[49m▀[39m                     [38;5;16m▀▀▀▀▀▀▀[39m [00m
                                         [00m
