                     [38;5;232m▄[48;5;232;38;5;232m▄[38;5;233m▄▄[49;38;5;16m▄▄[39m                [00m
                   [38;5;16m▄[48;5;16;38;5;233m▄[48;5;232;38;5;234m▄[48;5;234m██[38;5;233m▄[38;5;232m▄[48;5;233m▄[48;5;16m▄[49;38;5;16m▄[39m              [00m
                   [48;5;16;38;5;16m█[48;5;234;38;5;234m██[48;5;233;38;5;233m█[38;5;232m▄[48;5;232m█[38;5;16m▄▄[38;5;232m█[48;5;16;38;5;16m█[49;39m              [00m
                   [48;5;16;38;5;16m█[48;5;233;38;5;233m█[38;5;232m▄[48;5;232m█[38;5;16m▄[48;5;16m█[48;5;94m▄[38;5;172m▄[48;5;16;38;5;94m▄[38;5;16m█[49;39m              [00m
                   [48;5;16;38;5;16m█[48;5;233;38;5;233m█[48;5;232;38;5;232m██[48;5;16;38;5;16m█[48;5;231;38;5;136m▄[48;5;235m▄[48;5;16;38;5;58m▄[48;5;172m▄[48;5;16;38;5;16m█[49;39m              [00m
                   [48;5;16;38;5;16m█[48;5;232m▄[38;5;232m██[48;5;16;38;5;16m█[48;5;136;38;5;178m▄[48;5;178;38;5;58m▄[38;5;136m▄[48;5;58m▄[48;5;16;38;5;16m█[49;39m              [00m
        [38;5;16m▄▄[48;5;16m█[38;5;234m▄[38;5;16m█[38;5;222m▄[38;5;16m█[38;5;58m▄▄▄▄[38;5;16m█[48;5;233;38;5;234m▄[48;5;16;38;5;233m▄[48;5;232;38;5;16m▄[48;5;16m█[48;5;136m▄[38;5;178m▄[48;5;58;38;5;136m▄[48;5;16;38;5;16m█[49m▄▄▄▄▄[39m          [00m
    [38;5;16m▄[48;5;16m█[38;5;233m▄[38;5;234m▄[48;5;233;38;5;16m▄[48;5;16;38;5;233m▄[48;5;234;38;5;16m▄[48;5;16;38;5;222m▄[48;5;222;38;5;94m▄[48;5;94;38;5;172m▄[48;5;172;38;5;94m▄[48;5;16;38;5;16m█[48;5;136;38;5;136m█[48;5;58;38;5;58m█[48;5;136;38;5;178m▄[48;5;16;38;5;16m█[48;5;233;38;5;232m▄▄[48;5;232m███[48;5;16m▄[38;5;16m█[48;5;58;38;5;136m▄▄▄[38;5;58m█[38;5;136m▄[38;5;58m█[48;5;16m▄[49;38;5;16m▄[39m        [00m
   [48;5;16;38;5;16m█[48;5;222;38;5;172m▄[48;5;16;38;5;16m█[48;5;234;38;5;233m▄▄[48;5;16m▄[48;5;233;38;5;16m▄[48;5;16;38;5;233m▄[48;5;222;38;5;16m▄[48;5;172;38;5;172m█[48;5;94;38;5;16m▄[48;5;16;38;5;136m▄▄[48;5;178;38;5;178m█[48;5;58;38;5;136m▄[48;5;178;38;5;58m▄[48;5;136;38;5;178m▄[48;5;16;38;5;16m█[48;5;232;38;5;233m▄▄[38;5;232m█[38;5;233m▄▄[48;5;16;38;5;16m█[48;5;178;38;5;178m██[48;5;136;38;5;58m▄[48;5;58;38;5;136m▄[48;5;136m██[48;5;58;38;5;16m▄[49m▀[39m        [00m
    [38;5;16m▀[48;5;172m▄[48;5;16m█[48;5;233m▄[48;5;16;38;5;94m▄[38;5;172m▄▄[38;5;94m▄▄[48;5;58;38;5;16m▄[48;5;136;38;5;136m██[48;5;178;38;5;178m██[48;5;136;38;5;136m█[48;5;178;38;5;178m█[48;5;16;38;5;16m█[48;5;234;38;5;234m██[48;5;232;38;5;232m█[48;5;234;38;5;234m██[48;5;16;38;5;16m█[48;5;178;38;5;178m█[38;5;136m▄[48;5;136;38;5;178m▄[48;5;178m█[48;5;136;38;5;136m█[48;5;58;38;5;16m▄[48;5;16;38;5;222m▄[38;5;16m█[49;39m        [00m
        [38;5;16m▀▀▀▀[48;5;94m▄[48;5;16;38;5;233m▄[48;5;58;38;5;16m▄[48;5;136;38;5;58m▄[48;5;178;38;5;178m████[48;5;16;38;5;136m▄[48;5;233;38;5;16m▄[48;5;234;38;5;233m▄[48;5;232;38;5;232m█[48;5;234;38;5;233m▄[48;5;233;38;5;16m▄[48;5;16;38;5;178m▄[48;5;178m█[48;5;136m▄[48;5;178m█[48;5;136;38;5;136m█[48;5;58;38;5;16m▄[48;5;16;38;5;94m▄[48;5;172m▄[48;5;222;38;5;172m▄[48;5;16;38;5;16m█[49;39m       [00m
            [38;5;16m▀[48;5;232m▄[48;5;16;38;5;233m▄[48;5;58;38;5;16m▄[48;5;178;38;5;136m▄[38;5;178m██[38;5;136m▄[48;5;136;38;5;178m▄[48;5;16;38;5;16m█[48;5;232;38;5;233m▄[48;5;233;38;5;234m▄[48;5;232;38;5;233m▄[48;5;16;38;5;16m█[48;5;178;38;5;178m█[38;5;136m▄[38;5;178m█[48;5;136;38;5;136m█[38;5;58m▄[48;5;16;38;5;16m█[48;5;94;38;5;94m█[48;5;172m▄[48;5;94m█[48;5;222;38;5;172m▄[48;5;16;38;5;16m█[49;39m      [00m
             [38;5;16m▀[48;5;232m▄[48;5;16;38;5;233m▄[48;5;58;38;5;16m▄[48;5;136;38;5;136m█[48;5;178;38;5;178m█[48;5;136;38;5;58m▄[48;5;178;38;5;178m█[48;5;16;38;5;16m█[48;5;233;38;5;232m▄[48;5;234;38;5;233m▄[48;5;233;38;5;232m▄[48;5;16;38;5;16m█[48;5;178;38;5;178m█[48;5;136;38;5;58m▄[48;5;178;38;5;136m▄[48;5;136m█[48;5;16;38;5;16m█[49m▀[48;5;94m▄[38;5;94m█[48;5;172;38;5;172m█[48;5;94;38;5;94m█[48;5;222;38;5;172m▄[48;5;16;38;5;16m█[49m▄[39m    [00m
              [38;5;16m▀[48;5;232m▄[48;5;16;38;5;232m▄[48;5;58;38;5;16m▄[48;5;136;38;5;136m█[48;5;58m▄[48;5;136;38;5;58m▄[48;5;16;38;5;136m▄[48;5;232;38;5;16m▄[38;5;232m█[38;5;16m▄[48;5;16;38;5;178m▄[48;5;178;38;5;58m▄[48;5;58;38;5;136m▄[48;5;136m█[48;5;58;38;5;16m▄[49m▀[39m  [38;5;16m▀[48;5;172m▄▄[48;5;16;38;5;232m▄[48;5;233m▄[38;5;233m█[48;5;16;38;5;16m█[49;39m   [00m
               [38;5;16m▀[48;5;232m▄[48;5;16m█[48;5;58;38;5;58m█[48;5;136m▄▄[48;5;58m█[48;5;16;38;5;16m█[48;5;232;38;5;232m█[48;5;16;38;5;16m█[48;5;58;38;5;58m█[48;5;136m▄[48;5;58m██[48;5;16;38;5;16m█[49;39m     [48;5;16;38;5;16m█[48;5;232;38;5;232m██[48;5;233m▄[38;5;233m█[48;5;16;38;5;16m█[49;39m  [00m
                [48;5;16;38;5;16m█[48;5;58;38;5;58m█[48;5;16;38;5;136m▄▄[48;5;58;38;5;16m▄▄▄[48;5;16m█[48;5;58m▄▄[48;5;16;38;5;58m▄▄[38;5;16m█[49;39m       [38;5;16m▀[48;5;232m▄[38;5;232m█[48;5;233m▄[48;5;16;38;5;233m▄[49;38;5;16m▄[39m [00m
               [48;5;16;38;5;16m█[48;5;233;38;5;234m▄[48;5;16;38;5;233m▄[48;5;58;38;5;16m▄[48;5;136m▄[48;5;178;38;5;58m▄[38;5;136m▄[48;5;58m▄[38;5;58m█[48;5;178;38;5;136m▄▄[48;5;136;38;5;58m▄[48;5;58;38;5;16m▄[48;5;16;38;5;233m▄[49;38;5;16m▄[39m       [48;5;16;38;5;16m█[38;5;172m▄[48;5;232;38;5;16m▄[48;5;233;38;5;232m▄[48;5;16;38;5;233m▄[49;38;5;16m▄[39m[00m
               [48;5;16;38;5;16m█[48;5;234;38;5;234m█[48;5;233;38;5;233m██[48;5;232;38;5;232m█[48;5;16;38;5;16m█[38;5;58m▄▄▄▄▄[38;5;16m█[48;5;233;38;5;233m█[48;5;234;38;5;234m█[48;5;16m▄[49;38;5;16m▄[39m      [38;5;16m▀[48;5;94m▄[49m▀[48;5;232m▄[48;5;16;38;5;172m▄[38;5;16m█[49;39m[00m
              [48;5;16;38;5;16m█[48;5;233;38;5;234m▄[48;5;234m█[48;5;233;38;5;233m██[48;5;232;38;5;232m█[48;5;16;38;5;16m█[48;5;58;38;5;58m█[48;5;136;38;5;136m█[48;5;58m▄[48;5;136m█[48;5;58;38;5;58m█[48;5;16;38;5;16m█[48;5;232;38;5;232m█[48;5;233;38;5;233m█[48;5;234;38;5;234m█[48;5;16;38;5;16m█[49;39m         [38;5;16m▀[48;5;94m▄[48;5;16m█[49;39m[00m
              [48;5;16;38;5;16m█[48;5;234;38;5;234m█[48;5;233;38;5;233m██[48;5;232;38;5;232m██[48;5;16;38;5;16m█[48;5;58;38;5;58m█[48;5;136;38;5;136m██[38;5;178m▄[48;5;58;38;5;136m▄[48;5;16;38;5;58m▄[48;5;232;38;5;16m▄[38;5;232m█[48;5;233;38;5;233m█[48;5;16;38;5;234m▄[49;38;5;16m▄[39m           [00m
             [38;5;16m▄[48;5;16;38;5;233m▄[48;5;234;38;5;234m█[48;5;233;38;5;233m█[48;5;232;38;5;232m███[48;5;16;38;5;16m█[48;5;58;38;5;136m▄[48;5;136;38;5;178m▄[38;5;136m█[48;5;178;38;5;178m█[48;5;136m▄[38;5;136m█[48;5;16;38;5;16m█[48;5;232;38;5;232m██[48;5;234;38;5;234m█[48;5;16;38;5;16m█[49;39m           [00m
             [48;5;16;38;5;16m█[48;5;234;38;5;234m█[38;5;233m▄[48;5;232;38;5;232m████[48;5;16;38;5;16m█[48;5;136;38;5;136m█[48;5;178;38;5;178m█[48;5;136m▄[48;5;178m██[48;5;136;38;5;136m█[48;5;16;38;5;16m█[48;5;232;38;5;232m██[48;5;233m▄[48;5;234;38;5;233m▄[48;5;16;38;5;16m█[49;39m          [00m
             [48;5;16;38;5;16m█[48;5;234m▄[48;5;233m▄[48;5;232m▄[38;5;232m██[38;5;16m▄[48;5;16m█[48;5;136;38;5;136m█[48;5;178;38;5;178m████[48;5;136;38;5;136m█[48;5;16;38;5;16m█[48;5;232;38;5;232m███[38;5;16m▄[48;5;16m█[38;5;178m▄[49;38;5;16m▄[39m        [00m
            [38;5;16m▄[48;5;16;38;5;136m▄[48;5;178m▄[38;5;178m██[48;5;16;38;5;136m▄[48;5;232;38;5;16m▄[48;5;16m█[49m▀[48;5;136m▄[48;5;58m▄[48;5;136m▄[48;5;58m▄▄[48;5;136m▄[48;5;16m█[49m▀[48;5;232m▄[48;5;16m█[48;5;136;38;5;58m▄[38;5;136m█[48;5;178m▄[38;5;178m█[48;5;16;38;5;16m█[49;39m       [00m
            [48;5;16;38;5;16m█[48;5;58;38;5;58m█[48;5;136m▄[38;5;136m█[48;5;178m▄[48;5;58;38;5;16m▄[48;5;16m█[49;39m          [48;5;16;38;5;16m█[38;5;58m▄[48;5;58;38;5;16m▄▄[48;5;136m▄▄[48;5;16m█[49;39m       [00m
            [48;5;16;38;5;16m█[38;5;136m▄[38;5;178m▄▄[38;5;136m▄[48;5;58;38;5;16m▄[49m▀[39m           [48;5;16;38;5;16m█[48;5;58;38;5;178m▄[48;5;136m▄▄[38;5;136m█[48;5;16;38;5;16m█[49;39m       [00m
            [48;5;16;38;5;16m█[48;5;58;38;5;136m▄[48;5;136;38;5;178m▄▄[48;5;58;38;5;58m█[48;5;16;38;5;16m█[49;39m            [48;5;16;38;5;16m█[48;5;136;38;5;58m▄[48;5;58;38;5;136m▄[48;5;136;38;5;178m▄▄[48;5;16;38;5;16m█[49;39m       [00m
            [48;5;16;38;5;16m█[48;5;136;38;5;136m█[48;5;178;38;5;178m█[38;5;136m▄[48;5;16;38;5;16m█[49;39m             [38;5;16m▀[48;5;58m▄[48;5;136;38;5;136m█[48;5;178;38;5;178m█[38;5;136m▄[48;5;16;38;5;58m▄[49;38;5;16m▄[39m      [00m
            [48;5;16;38;5;16m█[48;5;136;38;5;178m▄▄[48;5;58;38;5;58m█[48;5;16;38;5;16m█[49;39m              [48;5;16;38;5;16m█[48;5;136;38;5;136m█[38;5;178m▄▄[38;5;136m█[48;5;16;38;5;16m█[49;39m      [00m
           [48;5;16;38;5;16m█[48;5;136;38;5;136m█[48;5;178;38;5;178m█[38;5;136m▄[48;5;16;38;5;16m█[49;39m               [48;5;16;38;5;16m█[48;5;136;38;5;136m█[38;5;178m▄[48;5;178m█[48;5;136;38;5;136m█[48;5;16;38;5;16m█[49;39m      [00m
           [48;5;16;38;5;16m█[48;5;58m▄[48;5;136;38;5;58m▄▄[48;5;16;38;5;16m█[49;39m               [48;5;16;38;5;16m█[48;5;136;38;5;58m▄[48;5;178m▄[48;5;58;38;5;16m▄▄[48;5;16m█[49;39m      [00m
         [38;5;16m▄[48;5;16;38;5;232m▄[48;5;232m██[48;5;16m▄▄[38;5;16m█[49;39m               [48;5;16;38;5;16m█[38;5;232m▄▄[48;5;232m██[38;5;233m▄[48;5;16m▄[38;5;232m▄[49;38;5;16m▄[39m   [00m
        [48;5;16;38;5;16m█[48;5;232m▄[48;5;233m▄▄[48;5;232m▄▄▄[49m▀[39m               [38;5;16m▀▀▀▀▀▀▀▀▀[39m   [00m
                                           [00m
