                                                     [38;5;173m▄[38;5;179m▄[48;5;52m▄▄[38;5;52m█[49m▄▄▄▄[39m                                          [00m
                                                   [38;5;173m▄[48;5;173m██[48;5;179;38;5;179m█████[48;5;232m▄[38;5;232m██[48;5;52m▄▄[49;38;5;52m▄[39m                                       [00m
                        [38;5;94m▄▄[38;5;173m▄[48;5;94m▄▄[48;5;173m█[38;5;179m▄▄▄[49;38;5;173m▄▄▄▄[39m      [38;5;173m▄▄▄[38;5;179m▄[48;5;173m▄▄▄[48;5;94;38;5;94m█[48;5;173;38;5;173m████[48;5;179m▄[38;5;179m███[48;5;222;38;5;222m██[48;5;232m▄[38;5;179m▄▄[49;38;5;232m▀[39m                                       [00m
                     [38;5;234m▄[48;5;234;38;5;94m▄[48;5;94m███[48;5;173m▄▄[48;5;179;38;5;173m▄▄▄▄▄[38;5;222m▄▄[38;5;179m█[38;5;222m▄▄[48;5;94m▄[48;5;173;38;5;94m▄[38;5;173m██[48;5;94m▄[48;5;179;38;5;222m▄▄▄▄▄[38;5;179m█[48;5;234;38;5;234m█[48;5;94;38;5;94m███[48;5;173m▄▄[38;5;173m██[48;5;232;38;5;232m█[48;5;179m▄[48;5;222;38;5;222m█[48;5;179m▄[48;5;222;38;5;179m▄[38;5;222m█[48;5;179;38;5;179m█[49;38;5;232m▄[39m                                       [00m
                   [38;5;234m▄[48;5;234;38;5;94m▄[48;5;94m███[48;5;173;38;5;173m█[38;5;94m▄[48;5;94m█[48;5;173m▄[48;5;179m▄▄[38;5;179m██[38;5;173m▄[48;5;173;38;5;222m▄[38;5;179m▄▄[48;5;222m▄▄[38;5;222m██[48;5;173;38;5;94m▄[38;5;173m██[48;5;222;38;5;179m▄▄▄▄[48;5;179m██[48;5;234m▄[48;5;94;38;5;52m▄[38;5;234m▄[48;5;179;38;5;94m▄▄[48;5;94;38;5;173m▄[48;5;173m█[38;5;179m▄[48;5;94;38;5;173m▄[48;5;232;38;5;255m▄[38;5;232m█[48;5;222m▄[48;5;179;38;5;179m█[48;5;222;38;5;232m▄[48;5;232m█[49m▀[39m                                       [00m
               [38;5;94m▄▄[48;5;94m█[48;5;234;38;5;173m▄▄[48;5;94;38;5;179m▄▄▄▄▄[48;5;173m▄[48;5;179;38;5;173m▄[38;5;179m█[48;5;222;38;5;222m██[48;5;94m▄[38;5;179m▄[48;5;179;38;5;94m▄[48;5;173;38;5;173m█[48;5;179m▄[48;5;222m▄[38;5;222m██[48;5;173;38;5;179m▄[48;5;179;38;5;173m▄[38;5;179m█[48;5;173;38;5;173m█[48;5;179;38;5;179m███████[38;5;52m▄[48;5;52m██[48;5;94m▄[38;5;94m█[48;5;173m▄[38;5;173m█[48;5;222;38;5;179m▄[38;5;222m█[48;5;179m▄▄▄[38;5;179m█[48;5;222;38;5;222m█[49;39m                                         [00m
            [38;5;94m▄[48;5;94m█[38;5;173m▄[48;5;173;38;5;179m▄[48;5;179m███[38;5;222m▄[48;5;222m███[38;5;179m▄[48;5;179;38;5;173m▄[48;5;173;38;5;222m▄▄▄[38;5;173m█[48;5;179m▄▄[38;5;179m█[48;5;222;38;5;222m█[48;5;94m▄▄▄[48;5;222m█[38;5;179m▄[48;5;179m█[48;5;173;38;5;173m██[48;5;94;38;5;94m█[48;5;179;38;5;173m▄▄[38;5;179m█[38;5;222m▄▄▄[38;5;52m▄[48;5;52m████[48;5;94m▄[38;5;94m█[48;5;173;38;5;173m█[48;5;179;38;5;179m█[38;5;52m▄[48;5;222m▄▄▄[48;5;179;38;5;173m▄[48;5;222m▄[49;39m                                         [00m
          [38;5;234m▄[48;5;94;38;5;173m▄[38;5;94m█[48;5;173;38;5;173m█[48;5;179;38;5;179m██[38;5;222m▄▄▄[48;5;173m▄▄▄[38;5;173m██[48;5;222m▄[38;5;179m▄▄▄[48;5;179m█[48;5;173m▄[38;5;173m█[38;5;94m▄[48;5;179;38;5;173m▄[38;5;179m███[38;5;173m▄[48;5;173m█[38;5;94m▄[48;5;94;38;5;173m▄[48;5;173m███[48;5;179;38;5;179m█[48;5;222;38;5;52m▄▄[38;5;222m███[48;5;179;38;5;232m▄[48;5;173m▄[48;5;52m▄[38;5;52m████[38;5;94m▄[48;5;94m█[38;5;179m▄▄▄[48;5;52;38;5;52m██[48;5;179m▄[38;5;179m██[49m▄▄[39m                                    [00m
        [38;5;234m▄[48;5;234;38;5;94m▄[48;5;94m█[48;5;173;38;5;179m▄[48;5;94m▄[48;5;173;38;5;94m▄▄[38;5;173m█[48;5;179m▄▄[48;5;222m▄[38;5;179m▄▄▄▄▄[48;5;179m█[48;5;173;38;5;222m▄▄▄[38;5;95m▄▄[38;5;222m▄[38;5;95m▄[48;5;94m▄[48;5;173;38;5;94m▄▄▄▄[48;5;94;38;5;173m▄[38;5;179m▄▄▄[38;5;173m▄▄▄[48;5;179;38;5;179m█[48;5;52;38;5;222m▄[38;5;52m█[48;5;222m▄[48;5;52;38;5;222m▄[48;5;222;38;5;52m▄[48;5;232;38;5;222m▄[38;5;173m▄[38;5;232m█[48;5;52m▄[38;5;52m████[38;5;232m▄▄▄▄▄[38;5;173m▄▄[48;5;179;38;5;179m█[48;5;222;38;5;222m█[38;5;173m▄[48;5;173m█[49;38;5;94m▄[39m                                  [00m
       [48;5;234;38;5;234m█[48;5;94;38;5;94m█[48;5;173;38;5;173m█[48;5;179;38;5;179m███[48;5;222m▄▄▄▄▄[38;5;222m████████[38;5;179m▄[48;5;95;38;5;52m▄[38;5;95m█[48;5;222;38;5;222m█[48;5;95;38;5;95m█[38;5;94m▄[48;5;94;38;5;173m▄[48;5;173m██[48;5;179;38;5;179m██[48;5;222m▄▄▄[48;5;179m██[48;5;94;38;5;222m▄▄[38;5;234m▄[48;5;173;38;5;94m▄[48;5;179m▄[48;5;52;38;5;173m▄[38;5;179m▄[38;5;52m██[48;5;222;38;5;222m█[38;5;52m▄[48;5;232;38;5;222m▄[38;5;232m███████[38;5;173m▄[48;5;173m████[48;5;222;38;5;179m▄[48;5;173;38;5;173m█[48;5;94;38;5;222m▄[48;5;222m██[49;38;5;179m▄[39m                                [00m
       [48;5;234;38;5;234m█[48;5;94;38;5;94m██[48;5;173m▄▄▄▄▄▄▄▄[48;5;179m▄▄[38;5;173m▄▄▄[48;5;173m████[48;5;52;38;5;232m▄[38;5;52m█[48;5;178;38;5;178m█[48;5;52;38;5;52m█[48;5;94;38;5;94m█[48;5;173;38;5;173m█████[38;5;179m▄▄▄[48;5;94m▄[38;5;222m▄[38;5;234m▄[48;5;179m▄[48;5;222;38;5;94m▄[38;5;179m▄[48;5;173;38;5;222m▄[48;5;222;38;5;173m▄[48;5;94;38;5;52m▄▄[48;5;52m███[48;5;222;38;5;222m█[48;5;52;38;5;52m█[48;5;222;38;5;222m██[48;5;179;38;5;179m███[38;5;222m▄[38;5;52m▄[48;5;173;38;5;222m▄▄[48;5;179;38;5;179m█[48;5;222m▄[38;5;222m█[48;5;179m▄[48;5;222;38;5;179m▄▄▄[48;5;179m██[49;39m                               [00m
        [38;5;234m▀[48;5;94m▄▄▄▄[48;5;234;38;5;94m▄[38;5;173m▄[48;5;94m▄▄[48;5;173m█████[38;5;94m▄▄▄▄▄[48;5;232;38;5;232m██[48;5;94;38;5;94m█[48;5;232;38;5;232m█[48;5;94;38;5;94m█[48;5;173m▄▄[38;5;173m████[38;5;179m▄[48;5;94;38;5;222m▄[38;5;234m▄[48;5;179;38;5;94m▄[48;5;222;38;5;179m▄[48;5;179;38;5;222m▄[48;5;173;38;5;232m▄[48;5;94;38;5;173m▄[48;5;173;38;5;232m▄[48;5;222m▄[48;5;232m█[48;5;52;38;5;52m███████[48;5;222m▄[38;5;222m█[48;5;179;38;5;179m██[48;5;222;38;5;52m▄[48;5;52m█[48;5;222;38;5;222m██[48;5;52;38;5;52m█[48;5;173;38;5;222m▄[48;5;179;38;5;173m▄[48;5;222;38;5;179m▄[48;5;173;38;5;173m█[48;5;179m▄[38;5;179m███[48;5;173;38;5;173m█[49;39m                              [00m
         [38;5;234m▀[48;5;234m█[48;5;94;38;5;94m██████████████[38;5;234m▄▄▄[48;5;232m▄[38;5;232m█[48;5;94m▄[48;5;234;38;5;234m█[38;5;94m▄[38;5;173m▄[48;5;94;38;5;234m▄▄▄▄▄[48;5;179;38;5;173m▄[48;5;222;38;5;222m█[48;5;94;38;5;94m██[48;5;222;38;5;179m▄[48;5;232;38;5;232m███████[48;5;52m▄▄▄[38;5;52m██[38;5;232m▄[48;5;179;38;5;173m▄[38;5;52m▄[48;5;52m███[48;5;222m▄[48;5;52m███[48;5;173m▄[38;5;94m▄[48;5;94m█[48;5;173m▄[38;5;173m███[38;5;94m▄[49;39m                              [00m
           [38;5;234m▀▀[48;5;94m▄▄▄▄▄▄▄[49m▀▀▀▀▀[48;5;234m█[48;5;94;38;5;94m█████[38;5;234m▄[38;5;94m█[48;5;173;38;5;173m█[48;5;179;38;5;179m████[48;5;173;38;5;173m█[48;5;94;38;5;234m▄[48;5;222;38;5;173m▄[48;5;173m█[48;5;94;38;5;52m▄[48;5;173;38;5;94m▄[48;5;232;38;5;232m█[38;5;52m▄▄▄▄▄▄▄▄[38;5;232m████[38;5;52m▄[38;5;232m███[48;5;52;38;5;52m██████[48;5;173;38;5;179m▄[48;5;234;38;5;234m█[48;5;94m▄[38;5;94m███[48;5;234;38;5;234m█[49;39m                              [00m
                          [48;5;234;38;5;234m█[48;5;94;38;5;94m███[38;5;234m▄[48;5;234;38;5;94m▄[48;5;94m█[48;5;173m▄[48;5;179;38;5;179m████[48;5;173;38;5;173m██[48;5;234m▄[48;5;173m██[48;5;232;38;5;232m███[48;5;52m▄[38;5;52m███████[48;5;232;38;5;232m█[48;5;52;38;5;52m████[48;5;232;38;5;232m███[48;5;52m▄▄▄[38;5;179m▄[48;5;222m▄[48;5;179;38;5;173m▄[48;5;94;38;5;94m█[48;5;222;38;5;222m█[48;5;179m▄[48;5;94;38;5;179m▄[48;5;234;38;5;234m█[49;39m                               [00m
                           [48;5;234;38;5;234m█[48;5;94;38;5;94m█[38;5;234m▄[48;5;234;38;5;94m▄[48;5;94m███[48;5;173m▄[48;5;179;38;5;173m▄▄[38;5;179m██[48;5;94;38;5;94m█[48;5;173m▄▄[38;5;173m██[48;5;232;38;5;94m▄[48;5;94m█[38;5;232m▄[48;5;232m█[38;5;52m▄▄▄▄▄▄▄[48;5;52;38;5;232m▄▄▄[38;5;52m██[48;5;232;38;5;232m█[38;5;94m▄▄▄[48;5;173m▄▄▄[48;5;94;38;5;234m▄[48;5;222;38;5;222m██[38;5;179m▄[48;5;179m█[48;5;173m▄[49;38;5;173m▄[39m              [38;5;94m▄▄[38;5;179m▄[38;5;222m▄[39m     [38;5;94m▄[48;5;173m▄[38;5;179m▄[48;5;222;38;5;222m██[49;39m  [00m
                            [48;5;234;38;5;234m█[38;5;94m▄[48;5;94m█████[48;5;173;38;5;173m███[48;5;179m▄[38;5;179m█[48;5;94;38;5;173m▄▄▄▄[38;5;179m▄[48;5;232;38;5;232m█[48;5;52;38;5;179m▄[38;5;52m██████████[48;5;232;38;5;232m█[48;5;52m▄[48;5;94;38;5;94m█[48;5;173;38;5;173m█[48;5;234;38;5;234m█[48;5;94m▄▄▄▄[48;5;234;38;5;94m▄[48;5;94m█[48;5;179;38;5;173m▄[38;5;179m██[38;5;173m▄[48;5;173m██[48;5;94;38;5;94m█[49;39m            [38;5;94m▄[48;5;94m█[38;5;234m▄[48;5;179;38;5;173m▄[48;5;222m▄[49;39m  [38;5;94m▄[38;5;234m▄[48;5;94;38;5;94m████[49;38;5;173m▀[39m   [00m
                            [48;5;234;38;5;234m█[48;5;94;38;5;94m██████[48;5;173;38;5;173m█████████[48;5;179;38;5;179m██[48;5;52;38;5;52m██[38;5;173m▄[38;5;52m███████[38;5;232m▄[48;5;94;38;5;94m█[48;5;232;38;5;173m▄[48;5;173m█[48;5;94;38;5;94m█[48;5;234;38;5;234m█[48;5;94;38;5;94m█[48;5;173;38;5;173m██[48;5;234;38;5;234m█[48;5;94;38;5;94m███[48;5;173m▄[38;5;173m███[38;5;94m▄[48;5;94m█[48;5;222;38;5;222m█[48;5;179m▄[48;5;173m▄[49;38;5;179m▄[38;5;173m▄[39m      [48;5;94;38;5;173m▄[48;5;173;38;5;179m▄[48;5;179m█[48;5;234;38;5;222m▄[48;5;94;38;5;173m▄[38;5;94m█[48;5;173;38;5;173m█[48;5;94;38;5;179m▄[48;5;173;38;5;173m█[48;5;234;38;5;234m█[48;5;94;38;5;94m█[38;5;234m▄[49m▀[38;5;94m▄▄[48;5;222m▄[38;5;179m▄[38;5;222m█[49;39m[00m
                           [38;5;94m▄[48;5;94;38;5;234m▄[38;5;94m█████[38;5;173m▄[48;5;173m█[48;5;179;38;5;179m██[48;5;173m▄[38;5;173m██[48;5;94;38;5;94m█[48;5;173;38;5;173m█████[48;5;52m▄[48;5;173;38;5;52m▄[48;5;52m█████[38;5;173m▄▄[48;5;179m▄[48;5;94;38;5;94m█[48;5;173m▄[48;5;94;38;5;234m▄[48;5;234;38;5;94m▄[48;5;94m███[48;5;173m▄[38;5;173m█[48;5;234m▄[48;5;94;38;5;234m▄[38;5;94m██████[38;5;173m▄[48;5;222m▄[38;5;179m▄▄[48;5;179m███[49m▄[38;5;173m▄▄[38;5;95m▄[48;5;94;38;5;52m▄[48;5;173;38;5;173m█[48;5;222;38;5;179m▄▄[38;5;173m▄[48;5;173m█[48;5;94;38;5;94m█[48;5;173;38;5;173m█[48;5;222;38;5;179m▄[48;5;173;38;5;222m▄[48;5;94;38;5;173m▄[48;5;234;38;5;234m█[48;5;94;38;5;94m███[38;5;234m▄▄[49;38;5;173m▀[39m [00m
                          [38;5;232m▄[48;5;94;38;5;94m█[38;5;173m▄[48;5;234m▄[48;5;94;38;5;234m▄[38;5;94m██[38;5;173m▄[48;5;173m█[48;5;179;38;5;179m█████[48;5;173m▄[48;5;94;38;5;173m▄[38;5;94m█[48;5;173m▄▄[38;5;179m▄▄▄[48;5;52m▄[38;5;52m███[38;5;94m▄[48;5;173;38;5;173m█[38;5;94m▄[49m▀▀[39m  [38;5;234m▀[48;5;94m▄[38;5;94m█[48;5;234m▄[48;5;94;38;5;234m▄[38;5;94m████[48;5;234m▄[38;5;173m▄[38;5;179m▄[48;5;94m▄▄[48;5;173m▄[38;5;173m████[48;5;179m▄▄▄▄[38;5;95m▄[48;5;95;38;5;173m▄[48;5;178;38;5;52m▄[48;5;52;38;5;232m▄[48;5;173;38;5;94m▄[48;5;179;38;5;173m▄[38;5;179m█[48;5;173;38;5;94m▄[48;5;94;38;5;234m▄[48;5;234m█[48;5;94;38;5;94m█[48;5;179;38;5;173m▄[48;5;222;38;5;222m█[48;5;173;38;5;173m█[48;5;94;38;5;94m█[48;5;234;38;5;234m█[49m▀▀[39m    [00m
                         [38;5;232m▄[48;5;232m██[48;5;173m▄[38;5;173m█[48;5;94;38;5;94m█[48;5;234;38;5;173m▄▄[48;5;94;38;5;178m▄[48;5;173;38;5;94m▄[48;5;179m▄[38;5;179m█████[48;5;173;38;5;173m███[48;5;179m▄▄▄▄[48;5;52;38;5;52m██[38;5;173m▄[38;5;52m█[48;5;179;38;5;179m█[38;5;173m▄[48;5;94;38;5;94m█[49;39m      [38;5;234m▀[48;5;94m▄[48;5;234;38;5;94m▄[48;5;94;38;5;234m▄[38;5;94m██[48;5;173m▄[38;5;173m█[48;5;179;38;5;179m██████████[38;5;173m▄▄[48;5;173;38;5;94m▄[48;5;95;38;5;52m▄[48;5;173m▄[48;5;52;38;5;173m▄[48;5;232;38;5;52m▄[48;5;94;38;5;232m▄[48;5;173;38;5;94m▄[48;5;94;38;5;173m▄▄▄[48;5;234;38;5;94m▄[38;5;234m█[48;5;94;38;5;94m█[48;5;222;38;5;222m█[48;5;179;38;5;179m█[48;5;94;38;5;173m▄[48;5;234;38;5;234m█[48;5;94m▄[48;5;234m█[48;5;222;38;5;179m▄▄[48;5;179;38;5;173m▄[49;39m [00m
                        [38;5;232m▄[48;5;232m███[48;5;52;38;5;52m██[48;5;94m▄[48;5;173;38;5;173m█[48;5;178m▄[38;5;178m██[48;5;173m▄[38;5;173m█[48;5;178;38;5;178m█[48;5;179m▄[38;5;222m▄▄[48;5;173m▄[48;5;94;38;5;94m█[48;5;173m▄[38;5;173m████[38;5;94m▄[48;5;52;38;5;52m██[48;5;173;38;5;94m▄▄[48;5;94;38;5;222m▄[49;39m         [38;5;234m▀[48;5;234m█[48;5;94;38;5;94m████[48;5;173m▄[48;5;179;38;5;173m▄▄▄▄[38;5;94m▄[48;5;173m▄▄▄[48;5;94m████[48;5;52m▄[38;5;232m▄[48;5;94;38;5;94m█[48;5;52;38;5;52m█[48;5;232;38;5;232m█[48;5;94;38;5;94m█[48;5;179;38;5;173m▄[48;5;222;38;5;222m██[48;5;179;38;5;179m█[48;5;94m▄[38;5;173m▄[48;5;173m█[48;5;179m▄[48;5;173m█[48;5;234;38;5;234m█[48;5;94;38;5;94m█[49;38;5;173m▄[38;5;94m▄[39m   [00m
                        [48;5;232;38;5;232m███[48;5;52;38;5;52m███████[48;5;178m▄[48;5;173m▄▄[48;5;178m▄[48;5;222;38;5;178m▄[38;5;222m███[38;5;178m▄[48;5;178m██[38;5;222m▄[48;5;222m███[48;5;178m▄[38;5;178m█[48;5;173;38;5;173m█[38;5;178m▄[48;5;178m██[49;39m          [48;5;234;38;5;234m█[48;5;94;38;5;94m█████████████████[48;5;232m▄[38;5;232m█[48;5;234m▄[48;5;232;38;5;234m▄[48;5;234;38;5;232m▄[48;5;94;38;5;234m▄[48;5;173;38;5;94m▄▄▄▄▄[48;5;94;38;5;234m▄▄[48;5;234;38;5;94m▄[48;5;94m█[48;5;222;38;5;179m▄▄[49;38;5;94m▀[39m   [00m
                       [48;5;234;38;5;234m█[48;5;232;38;5;94m▄[38;5;173m▄▄[48;5;52;38;5;232m▄[38;5;52m████████[38;5;95m▄▄[38;5;52m████[48;5;178m▄▄▄▄[48;5;222m▄▄▄[48;5;178m▄▄[48;5;173m▄▄[48;5;178;38;5;95m▄[48;5;232;38;5;232m█[49m▄[39m          [38;5;234m▀[48;5;94m▄[38;5;94m████[38;5;234m▄▄[38;5;94m██████[38;5;234m▄▄▄[49m▀▀[38;5;232m▀▀▀▀[38;5;234m▀▀▀▀[39m           [00m
                      [48;5;234;38;5;234m█[48;5;94;38;5;173m▄[48;5;173m██[38;5;179m▄[48;5;179;38;5;222m▄[48;5;222m███[48;5;232m▄[48;5;52m▄[38;5;232m▄[38;5;52m███[48;5;95m▄[38;5;95m██[48;5;52m▄▄▄▄▄[38;5;52m██████[38;5;95m▄[48;5;95;38;5;52m▄[48;5;52m█[38;5;222m▄[48;5;232m▄▄[49m▄▄[39m         [38;5;234m▀▀▀[48;5;234m█[48;5;94m▄▄▄▄▄[49m▀▀▀[39m                        [00m
                     [48;5;234;38;5;234m█[48;5;94;38;5;173m▄[48;5;173m██[48;5;179;38;5;179m█[38;5;222m▄[48;5;222m██████[38;5;179m▄[48;5;232;38;5;173m▄[48;5;52;38;5;232m▄[38;5;52m████[48;5;95m▄▄[38;5;95m█████████[38;5;52m▄[48;5;52;38;5;173m▄[48;5;179;38;5;179m█[48;5;222m▄[38;5;222m█████[49m▄▄[39m                                          [00m
                    [48;5;234;38;5;234m█[48;5;94;38;5;95m▄[48;5;173;38;5;173m██[48;5;179m▄▄[48;5;222m▄▄[38;5;222m████[48;5;179;38;5;179m█[38;5;173m▄[48;5;173m██[48;5;232m▄[48;5;52;38;5;232m▄[38;5;52m██████[48;5;95m▄▄[38;5;95m███[38;5;52m▄[48;5;52;38;5;94m▄[48;5;94m█[48;5;173;38;5;173m██[48;5;179m▄▄[48;5;222;38;5;179m▄▄[38;5;94m▄[38;5;173m▄[48;5;179;38;5;179m████[49m▄[39m                                       [00m
                   [48;5;234;38;5;234m█[48;5;94;38;5;94m██[48;5;173m▄▄[38;5;173m█[38;5;222m▄▄▄▄[48;5;222;38;5;173m▄[38;5;179m▄[48;5;179m█[48;5;173;38;5;173m██████[48;5;232;38;5;232m█[48;5;52;38;5;52m███████████[48;5;94;38;5;94m███[48;5;173;38;5;173m███[38;5;94m▄[48;5;94m█[38;5;173m▄▄[48;5;173;38;5;179m▄[38;5;222m▄[48;5;222m███[48;5;179;38;5;179m█[49;39m                                      [00m
                   [48;5;234;38;5;94m▄[48;5;94;38;5;173m▄▄[48;5;179;38;5;179m███[48;5;222;38;5;222m████[38;5;179m▄[48;5;179m█[48;5;173;38;5;173m████████[48;5;232;38;5;232m█[48;5;52;38;5;52m█████████[38;5;173m▄[48;5;94;38;5;94m███[48;5;173m▄[38;5;173m██[38;5;179m▄▄▄[38;5;173m██[48;5;179m▄[48;5;222;38;5;179m▄[38;5;222m███[48;5;179m▄[49;38;5;179m▄[39m                                    [00m
                  [48;5;234;38;5;234m█[48;5;94;38;5;173m▄[48;5;173m█[48;5;179;38;5;179m█[48;5;222;38;5;222m█[48;5;179;38;5;179m██[48;5;222;38;5;222m█[38;5;179m▄▄[48;5;179m██[48;5;173;38;5;173m█[38;5;179m▄[48;5;179m█[48;5;173;38;5;173m███████[48;5;232;38;5;232m█[48;5;52;38;5;52m███████[48;5;173;38;5;94m▄[38;5;173m███[48;5;94m▄[38;5;94m█[48;5;173m▄[38;5;173m██[48;5;179m▄[38;5;179m██[38;5;222m▄▄[48;5;173m▄[48;5;179;38;5;179m█[48;5;222m▄[38;5;222m███[48;5;179m▄[49;39m                                   [00m
                  [48;5;94;38;5;94m█[48;5;173;38;5;173m█[48;5;179;38;5;179m█[48;5;222;38;5;222m███[48;5;179;38;5;179m█[48;5;222;38;5;222m█[48;5;179;38;5;179m█[38;5;222m▄[38;5;179m█[48;5;173m▄[48;5;179;38;5;222m▄▄[38;5;179m█[48;5;173;38;5;173m██████[38;5;94m▄[48;5;232;38;5;234m▄[48;5;52;38;5;94m▄▄▄▄▄[48;5;94m█████[48;5;173m▄[38;5;173m██[48;5;94m▄[38;5;94m██[48;5;173m▄[38;5;173m█[48;5;179m▄[38;5;179m█[48;5;222m▄[38;5;222m████████[49;39m                                  [00m
                  [48;5;94;38;5;94m█[48;5;173;38;5;173m█[48;5;179;38;5;179m█[48;5;222m▄▄[38;5;222m██[48;5;179;38;5;179m█[38;5;222m▄[48;5;222m█[48;5;179m▄[48;5;222m███[48;5;179;38;5;179m█[48;5;173m▄[38;5;173m████[38;5;94m▄[49m▀[38;5;234m▀[48;5;94m▄[38;5;94m████████████[48;5;173m▄▄▄[48;5;94;38;5;173m▄[38;5;94m█[48;5;173m▄[38;5;173m█[48;5;179m▄▄[38;5;179m█[48;5;222m▄▄▄[38;5;222m████[49;39m                                 [00m
                 [48;5;234;38;5;234m█[48;5;94;38;5;94m█[48;5;173m▄▄[38;5;173m█[48;5;179;38;5;222m▄[48;5;222m██[48;5;179m▄[48;5;222m█████[38;5;179m▄[48;5;179m██[48;5;173;38;5;173m███[38;5;94m▄[49m▀[39m   [38;5;234m▀[48;5;94m▄▄[38;5;94m█████████████████[48;5;173m▄▄[38;5;173m██[48;5;179m▄[48;5;222;38;5;222m█████[49m▄[39m                               [00m
                 [48;5;234;38;5;234m█[38;5;179m▄[48;5;94m▄[48;5;173m▄[48;5;222;38;5;222m█████[48;5;179;38;5;179m█[48;5;222m▄▄▄▄[48;5;179m██[48;5;173;38;5;173m██[38;5;94m▄[49m▀[39m        [38;5;234m▀▀[48;5;94m▄▄[38;5;94m██████████████[38;5;234m▄▄▄[38;5;173m▄[48;5;179m▄[48;5;222m▄[38;5;179m▄▄[48;5;173;38;5;173m█[48;5;179;38;5;232m▄[49;39m                               [00m
               [38;5;94m▄[48;5;173;38;5;173m██[48;5;179;38;5;179m███[48;5;222m▄▄[38;5;222m███[48;5;173;38;5;173m█[48;5;179m▄[48;5;173m█[48;5;179m▄▄▄[48;5;173m█[38;5;94m▄[49m▀[39m              [38;5;234m▀▀▀[48;5;94m▄▄▄[38;5;94m███████[38;5;234m▄▄[38;5;94m█[48;5;173;38;5;173m███[38;5;179m▄[48;5;232;38;5;232m█[48;5;179m▄[48;5;173;38;5;173m█[48;5;232;38;5;232m█[48;5;173m▄[49;39m                              [00m
             [38;5;234m▄[48;5;94;38;5;94m██[48;5;173;38;5;173m██[48;5;179m▄[48;5;173m█[48;5;179;38;5;179m█[48;5;173;38;5;173m█[38;5;179m▄[48;5;179m█[48;5;222m▄▄[48;5;94;38;5;94m█[48;5;173;38;5;173m█[48;5;94m▄[48;5;173;38;5;94m▄▄[48;5;94m█[49m▀[39m                      [38;5;234m▀▀▀▀[48;5;234m█[38;5;94m▄▄[48;5;94;38;5;173m▄[48;5;179;38;5;179m██[48;5;94m▄[38;5;94m█[48;5;173;38;5;173m█[48;5;179;38;5;179m█[48;5;232;38;5;232m██[38;5;52m▄[38;5;232m█[48;5;52;38;5;52m█[49;39m                              [00m
            [38;5;234m▄[48;5;234;38;5;94m▄[48;5;94m████[48;5;232;38;5;232m█[48;5;94m▄[48;5;179;38;5;173m▄[48;5;173m█[48;5;179;38;5;179m█[48;5;232;38;5;232m█[48;5;179;38;5;173m▄▄[48;5;94;38;5;179m▄[38;5;173m▄[48;5;173m██[48;5;94;38;5;94m█[49;39m                           [48;5;234;38;5;234m█[48;5;94;38;5;94m██[48;5;173;38;5;173m██[48;5;179;38;5;179m███[38;5;173m▄[48;5;232;38;5;232m█[48;5;173;38;5;173m█[48;5;232;38;5;232m█[48;5;52;38;5;52m██[48;5;232;38;5;232m█[48;5;52;38;5;52m█[49;39m                              [00m
            [48;5;234;38;5;234m█[48;5;94;38;5;94m███[38;5;232m▄[38;5;94m█[48;5;232;38;5;232m██[48;5;173m▄[48;5;179m▄[48;5;232m██[48;5;173;38;5;94m▄[48;5;94m█[48;5;232;38;5;232m█[48;5;173;38;5;173m███[48;5;94;38;5;94m█[49;39m                          [38;5;234m▄[48;5;234;38;5;94m▄[48;5;94m██[48;5;173;38;5;173m██[48;5;179m▄▄▄[48;5;173m█[48;5;232;38;5;232m███[48;5;52m▄[38;5;52m█[48;5;232;38;5;232m█[48;5;52;38;5;52m█[49;39m                              [00m
           [38;5;234m▄[48;5;234;38;5;94m▄[48;5;94m██[48;5;232;38;5;232m█[38;5;94m▄[48;5;94;38;5;232m▄[48;5;52;38;5;52m█[48;5;232;38;5;232m█[38;5;52m▄[48;5;52m█[38;5;232m▄[48;5;232m████[48;5;173;38;5;173m███[49;38;5;94m▀[39m                          [48;5;234;38;5;234m█[48;5;94;38;5;94m███[48;5;173m▄[38;5;173m████[38;5;232m▄[38;5;94m▄[48;5;232;38;5;232m███[48;5;52m▄[48;5;232m█[48;5;52;38;5;52m█[49;39m                              [00m
           [48;5;234;38;5;234m█[48;5;94;38;5;94m█[48;5;232;38;5;232m█[48;5;94;38;5;94m█[48;5;232;38;5;232m███[48;5;52m▄[48;5;232m█[48;5;52;38;5;52m█[48;5;232;38;5;232m█████[38;5;94m▄[48;5;173;38;5;173m██[38;5;94m▄[49;39m                           [38;5;234m▀[48;5;94m▄[38;5;94m████[48;5;173;38;5;234m▄▄[38;5;94m▄[48;5;232m▄[38;5;232m█[48;5;94m▄[48;5;232m███[48;5;52;38;5;52m██[49;39m                              [00m
           [48;5;234;38;5;234m█[48;5;94m▄[48;5;232;38;5;232m███████[38;5;52m▄[38;5;232m████[38;5;94m▄[48;5;94m██[38;5;234m▄[49;39m                             [38;5;234m▀[48;5;234m████[38;5;94m▄[48;5;94m███[48;5;232m▄▄[38;5;232m███[48;5;52;38;5;52m██[48;5;94;38;5;94m█[49;39m                             [00m
           [48;5;234;38;5;234m█[38;5;94m▄[48;5;94m█[48;5;232;38;5;232m████[38;5;52m▄[48;5;52m█[38;5;232m▄[48;5;232m█████[48;5;94m▄[48;5;234;38;5;234m█[49;39m                               [38;5;234m▀[48;5;94m▄[38;5;94m██████[48;5;234m▄[48;5;94m██[48;5;232m▄[38;5;232m█[48;5;52;38;5;52m██[48;5;94;38;5;94m█[49;39m                             [00m
          [48;5;94;38;5;94m█[38;5;173m▄[38;5;94m██[48;5;232;38;5;232m██[48;5;52;38;5;52m███[38;5;232m▄[48;5;232m████[48;5;94m▄[38;5;234m▄[49m▀[39m                                  [38;5;234m▀[48;5;94m▄▄▄▄[48;5;234;38;5;94m▄[48;5;94m████[48;5;232;38;5;173m▄[48;5;52;38;5;232m▄[38;5;52m█[48;5;94;38;5;95m▄[49;39m                             [00m
          [48;5;94;38;5;94m██[48;5;178m▄[48;5;94;38;5;95m▄[48;5;232m▄[48;5;52m▄[38;5;52m███[48;5;232;38;5;232m██[38;5;94m▄[48;5;94m█[48;5;234;38;5;234m█[49m▀[39m                                     [48;5;94;38;5;94m█[48;5;234m▄▄▄[48;5;94;38;5;173m▄▄[38;5;178m▄▄▄[48;5;173m▄[48;5;95;38;5;52m▄▄[48;5;52m█[49;39m                             [00m
          [48;5;232;38;5;232m█[48;5;94m▄[38;5;94m█[48;5;52;38;5;52m███[48;5;95m▄▄▄[48;5;178;38;5;94m▄▄[48;5;173m▄[48;5;94m██[49;39m                                      [38;5;94m▀[48;5;94;38;5;232m▄▄[38;5;94m███[48;5;173;38;5;173m██[48;5;178;38;5;178m██[48;5;52;38;5;52m███[49;39m                             [00m
         [38;5;232m▄[48;5;232m█[38;5;52m▄[48;5;52;38;5;238m▄[48;5;232;38;5;243m▄[48;5;52;38;5;52m██[38;5;232m▄▄[48;5;94;38;5;52m▄[38;5;232m▄▄▄[49;38;5;94m▀[39m                                         [48;5;232;38;5;232m███████[48;5;52;38;5;52m█[48;5;232;38;5;232m█[48;5;52;38;5;52m█[38;5;238m▄[49;39m                             [00m
         [48;5;232;38;5;232m██[48;5;52;38;5;52m█[48;5;232;38;5;232m█[48;5;52;38;5;52m█[48;5;243m▄[38;5;232m▄[48;5;238;38;5;52m▄▄[48;5;232;38;5;232m███[49;39m                                            [48;5;232;38;5;232m██████[48;5;238;38;5;52m▄[48;5;243;38;5;232m▄[38;5;52m▄[48;5;52m█[49;39m                             [00m
         [48;5;232;38;5;232m█[38;5;52m▄[48;5;243;38;5;232m▄[48;5;232;38;5;243m▄[48;5;52;38;5;108m▄▄[48;5;232;38;5;243m▄[48;5;52;38;5;232m▄[48;5;232m███[49;39m                                             [48;5;232;38;5;232m██████[48;5;52;38;5;52m█[48;5;232;38;5;232m█[48;5;52;38;5;52m█[38;5;243m▄[49;39m                             [00m
        [48;5;232;38;5;232m██[48;5;243;38;5;52m▄[48;5;232;38;5;243m▄[48;5;52;38;5;108m▄▄[48;5;232;38;5;243m▄[48;5;52;38;5;52m█[48;5;232;38;5;232m███[49;39m                                               [48;5;232;38;5;232m█████[48;5;238m▄[48;5;243;38;5;52m▄[38;5;232m▄[48;5;52;38;5;52m█[49m▄[39m                            [00m
       [48;5;232;38;5;232m██[38;5;243m▄[48;5;52;38;5;108m▄[38;5;254m▄[48;5;95m▄[48;5;52;38;5;52m█[38;5;95m▄[48;5;232;38;5;232m███[49;39m                                               [38;5;232m▄[48;5;232m██████[48;5;52;38;5;52m█[48;5;232;38;5;243m▄[48;5;243;38;5;232m▄[48;5;108m▄[38;5;52m▄[48;5;243;38;5;95m▄[49m▄[39m                         [00m
      [48;5;232;38;5;232m███[48;5;95;38;5;108m▄[48;5;52;38;5;254m▄[48;5;95m▄[48;5;52m▄[48;5;108;38;5;95m▄[48;5;232;38;5;232m████[49;39m                                              [38;5;232m▄[48;5;232;38;5;52m▄[48;5;52m█[48;5;232m▄[38;5;95m▄[38;5;232m████[48;5;52m▄[38;5;95m▄▄[38;5;108m▄[48;5;108;38;5;52m▄[38;5;95m▄[48;5;243;38;5;254m▄[48;5;95m▄[49;38;5;108m▄[38;5;95m▄[39m                     [00m
     [48;5;52;38;5;52m█[48;5;232;38;5;232m██[48;5;95;38;5;95m█[48;5;52m▄▄▄▄[48;5;108m▄[48;5;232;38;5;232m████[49;38;5;52m▄[39m                                             [48;5;232;38;5;232m█[48;5;52;38;5;52m███[48;5;95;38;5;95m██[48;5;232;38;5;52m▄[38;5;232m█████[48;5;52m▄[48;5;95m▄[48;5;108;38;5;52m▄[48;5;52;38;5;95m▄[48;5;95;38;5;108m▄[48;5;254;38;5;52m▄▄[48;5;108m▄[48;5;52;38;5;95m▄[49m▄▄▄[39m                [00m
    [48;5;232;38;5;232m█[48;5;52;38;5;52m█[48;5;232;38;5;95m▄[48;5;95m██[38;5;124m▄▄▄▄[38;5;95m█[48;5;232m▄[38;5;232m█[38;5;95m▄▄[48;5;52;38;5;52m█[49;39m                                            [48;5;232;38;5;232m█[48;5;52;38;5;52m████[48;5;95;38;5;95m███[48;5;52;38;5;52m██[48;5;232m▄▄▄▄[38;5;232m██[48;5;52m▄[38;5;52m█[38;5;95m▄[48;5;95m█[38;5;124m▄[48;5;124m██████[49m▄[39m             [00m
   [48;5;232;38;5;232m█[48;5;52;38;5;52m██[48;5;95;38;5;95m█[38;5;124m▄[48;5;124m██████[48;5;95m▄[38;5;95m███[48;5;52;38;5;232m▄[49;39m                                            [48;5;232;38;5;232m█[48;5;52;38;5;52m████[48;5;95;38;5;95m███[48;5;52m▄[38;5;52m█████████[48;5;95;38;5;95m█[48;5;124;38;5;124m██████████[49;39m            [00m
   [48;5;232;38;5;232m█[48;5;52;38;5;52m██[48;5;95m▄[48;5;124;38;5;95m▄[38;5;124m██████[38;5;95m▄[48;5;95m█[48;5;52;38;5;52m██[48;5;232;38;5;232m█[49;39m                                             [38;5;232m▀▀▀▀[38;5;52m▀▀▀▀[48;5;52;38;5;232m▄▄▄▄▄[38;5;52m██████[48;5;95;38;5;95m██[48;5;124;38;5;124m█████[38;5;95m▄[48;5;95;38;5;52m▄[49;39m            [00m
    [38;5;232m▀[48;5;52m▄[38;5;52m█[48;5;95;38;5;95m█[48;5;124m▄▄▄▄▄▄[48;5;95m█[38;5;52m▄[49m▀[38;5;232m▀[39m                                                            [38;5;232m▀▀▀▀▀[38;5;52m▀▀▀▀▀▀▀▀[39m             [00m
      [38;5;232m▀[38;5;52m▀▀▀▀▀▀▀▀[39m                                                                                         [00m
                                                                                                        [00m
