                         [38;5;233m▄[48;5;233;38;5;235m▄[48;5;235m████[48;5;233m▄[48;5;232m▄[49;38;5;233m▄[38;5;232m▄[39m                 [00m
                       [38;5;124m▄[48;5;233;38;5;196m▄▄[38;5;232m▄[48;5;246;38;5;233m▄[48;5;235;38;5;246m▄[38;5;235m██████[48;5;232m▄[49;38;5;232m▀[39m               [00m
                    [38;5;124m▄[48;5;124m██[38;5;233m▄[48;5;233m█[48;5;196m▄[38;5;232m▄[48;5;232;38;5;196m▄[38;5;124m▄[48;5;235;38;5;232m▄[48;5;246;38;5;235m▄[48;5;235;38;5;233m▄[38;5;246m▄[38;5;235m█[38;5;246m▄[48;5;246;38;5;235m▄[48;5;235;38;5;246m▄[49;38;5;233m▄[39m              [00m
                [38;5;255m▄[38;5;240m▄[48;5;240;38;5;255m▄[48;5;255;38;5;240m▄[48;5;187m▄[48;5;245;38;5;173m▄[48;5;233;38;5;223m▄[38;5;233m█[38;5;88m▄[48;5;232;38;5;173m▄[48;5;223;38;5;223m█[48;5;233;38;5;233m█[48;5;232m▄[48;5;124m▄[48;5;232;38;5;124m▄[38;5;232m█[48;5;235;38;5;235m█[48;5;232;38;5;233m▄[48;5;235;38;5;232m▄[48;5;232;38;5;235m▄[48;5;235;38;5;232m▄[49;38;5;235m▀[38;5;232m▀[39m             [00m
     [38;5;255m▄[48;5;187m▄[48;5;255;38;5;238m▄[48;5;238m█[48;5;255m▄[38;5;240m▄[38;5;245m▄[48;5;238;38;5;255m▄[48;5;255;38;5;238m▄[38;5;255m██[48;5;240;38;5;245m▄[48;5;255;38;5;255m█[48;5;240;38;5;240m█[48;5;88;38;5;223m▄[38;5;88m█[48;5;223;38;5;223m██[48;5;233;38;5;173m▄[48;5;88;38;5;88m█[48;5;173;38;5;88m▄▄[48;5;233;38;5;233m█[38;5;223m▄[48;5;173;38;5;88m▄[48;5;232m▄[48;5;124;38;5;232m▄[48;5;232;38;5;88m▄[48;5;233;38;5;233m█[48;5;124;38;5;88m▄[49;38;5;232m▀[48;5;232m█[49;39m               [00m
   [38;5;255m▄[48;5;255;38;5;240m▄[48;5;238;38;5;173m▄[48;5;173;38;5;223m▄▄[48;5;173m▄[38;5;173m█[48;5;88;38;5;173m▄[48;5;88m▄[48;5;240;38;5;238m▄[48;5;255;38;5;255m█[48;5;245m▄[48;5;255;38;5;245m▄[48;5;245;38;5;255m▄[48;5;255m█[48;5;240;38;5;240m█[48;5;223;38;5;173m▄[48;5;173m▄[48;5;223;38;5;223m█[38;5;173m▄[48;5;173;38;5;173m█[48;5;88;38;5;88m█[38;5;88m▄[48;5;173;38;5;173m█[48;5;173m▄[48;5;223m▄▄[48;5;231m▄[48;5;232m▄▄[48;5;88;38;5;88m█[49;38;5;232m▀[39m                 [00m
  [48;5;187;38;5;240m▄[48;5;240;38;5;173m▄[48;5;173;38;5;223m▄[48;5;223m███████[48;5;173;38;5;173m▄[48;5;238;38;5;173m▄[48;5;255;38;5;238m▄[48;5;187;38;5;255m▄[38;5;245m▄[48;5;255;38;5;255m█[48;5;245;38;5;187m▄[48;5;173;38;5;173m█[48;5;173m▄[48;5;223;38;5;223m█[48;5;173;38;5;88m▄[48;5;88m█[48;5;173;38;5;173m█[48;5;88;38;5;88m█[48;5;173;38;5;173m██████[38;5;88m▄▄[49;38;5;255m▄▄[39m                [00m
 [38;5;245m▄[48;5;240;38;5;88m▄[48;5;173;38;5;173m█[48;5;223;38;5;223m██[38;5;173m▄[38;5;223m█████[48;5;173;38;5;173m█[48;5;88;38;5;88m█[48;5;238;38;5;238m█[48;5;255;38;5;255m█[48;5;245;38;5;187m▄[48;5;255;38;5;245m▄[48;5;187;38;5;255m▄[48;5;173;38;5;88m▄▄[38;5;173m█[48;5;88;38;5;88m█[48;5;173;38;5;173m██[48;5;88;38;5;88m▄[48;5;88;38;5;88m▄[48;5;173;38;5;88m▄[38;5;173m█[48;5;88m▄[48;5;88m▄[38;5;88m█[38;5;255m▄[48;5;255m█[38;5;238m▄▄[38;5;173m▄[48;5;245;38;5;238m▄[49;39m              [00m
 [48;5;238;38;5;238m█[48;5;88;38;5;88m▄[48;5;173;38;5;88m▄[48;5;223;38;5;173m▄[48;5;173m▄[48;5;173m█[48;5;223;38;5;173m▄[38;5;223m█[38;5;173m▄[48;5;173;38;5;173m▄[38;5;88m▄[48;5;88m█[48;5;88;38;5;223m▄[48;5;238;38;5;173m▄[48;5;245;38;5;245m█[48;5;240;38;5;240m█[48;5;245;38;5;255m▄[48;5;255;38;5;245m▄[48;5;245;38;5;255m▄[48;5;173;38;5;173m█[48;5;88m▄[38;5;173m▄[48;5;173;38;5;88m▄[48;5;88;38;5;88m▄[48;5;88;38;5;88m▄[48;5;88;38;5;88m▄[48;5;88m█[48;5;88m▄[38;5;187m▄[38;5;255m▄[48;5;255m██[38;5;245m▄[48;5;245;38;5;173m▄[48;5;173;38;5;223m▄[48;5;223m██[49m▄[39m             [00m
  [48;5;238;38;5;238m█[48;5;88;38;5;240m▄[48;5;88;38;5;88m▄[48;5;173;38;5;88m▄▄[38;5;173m██[38;5;88m▄[48;5;88;38;5;173m▄[48;5;173;38;5;223m▄[48;5;223m███[48;5;245;38;5;173m▄[48;5;240;38;5;238m▄[48;5;255;38;5;255m█[48;5;245m▄[48;5;255m█[48;5;173;38;5;173m▄▄▄[48;5;88m▄[48;5;88;38;5;88m█[48;5;88;38;5;173m▄[38;5;88m██[48;5;223;38;5;223m█[48;5;88;38;5;160m▄[48;5;255;38;5;52m▄[38;5;88m▄[48;5;245;38;5;88m▄[38;5;238m▄[48;5;173;38;5;173m█[48;5;223;38;5;173m▄[38;5;223m██[38;5;173m▄[48;5;173m█[49;39m            [00m
   [48;5;240;38;5;238m▄[48;5;88;38;5;88m█[48;5;173;38;5;173m█[38;5;173m▄[38;5;223m▄▄[48;5;173m▄[48;5;223m█[38;5;173m▄▄[38;5;223m███[48;5;173;38;5;173m▄[48;5;255;38;5;173m▄[38;5;245m▄[38;5;255m█[48;5;187m▄[48;5;173;38;5;173m███[48;5;88;38;5;88m█[48;5;173;38;5;173m█[48;5;88;38;5;52m▄[48;5;223;38;5;160m▄[48;5;160m███[48;5;52m▄[48;5;223;38;5;52m▄[48;5;88;38;5;223m▄[48;5;173;38;5;88m▄[38;5;173m█████[49;39m            [00m
    [48;5;88;38;5;245m▄[48;5;173;38;5;88m▄[48;5;173;38;5;173m▄[48;5;223;38;5;173m▄[38;5;223m████[48;5;173m▄[48;5;173m▄[38;5;88m▄[48;5;173m▄▄[48;5;173;38;5;173m█[48;5;187;38;5;255m▄[48;5;255m█[38;5;52m▄[48;5;173;38;5;52m▄[38;5;160m▄▄[48;5;88m▄[48;5;52m▄[48;5;160;38;5;52m▄[38;5;160m██████[48;5;173;38;5;52m▄[48;5;88;38;5;223m▄[48;5;173;38;5;88m▄▄▄[38;5;173m█[48;5;88;38;5;88m█[49;38;5;173m▄[39m           [00m
    [48;5;240;38;5;238m▄[48;5;88;38;5;187m▄[48;5;173;38;5;88m▄▄▄▄[38;5;173m█[48;5;173m▄[48;5;223;38;5;88m▄[48;5;88;38;5;223m▄[48;5;223m████[48;5;173m▄[48;5;173m▄▄[48;5;52m▄[48;5;160;38;5;52m▄[38;5;160m████[48;5;52m▄[48;5;160;38;5;52m▄[38;5;160m███[38;5;52m▄[48;5;52;38;5;52m▄[48;5;173;38;5;223m▄[48;5;88m▄[48;5;88;38;5;88m█[48;5;173;38;5;173m██[48;5;88;38;5;173m▄[48;5;223;38;5;223m█[49;38;5;173m▄[39m          [00m
     [48;5;187;38;5;240m▄[48;5;88;38;5;187m▄[48;5;173;38;5;88m▄[38;5;173m██[48;5;173m▄▄[48;5;223;38;5;173m▄[38;5;223m██[38;5;173m▄[38;5;173m▄[48;5;173m█[48;5;223;38;5;173m▄[48;5;173;38;5;223m▄▄[48;5;223m█[48;5;52;38;5;173m▄[48;5;52;38;5;52m▄[48;5;160;38;5;52m▄[38;5;160m█[38;5;52m▄▄[48;5;52;38;5;52m▄[48;5;160;38;5;52m▄[48;5;52;38;5;52m▄[38;5;173m▄[48;5;52m▄[48;5;173;38;5;88m▄[48;5;88;38;5;173m▄[38;5;88m▄[48;5;173;38;5;173m██[48;5;173;38;5;173m█[48;5;173m▄[48;5;223;38;5;173m▄[38;5;223m█[49;38;5;173m▄[39m         [00m
     [38;5;238m▀[48;5;187;38;5;187m█[48;5;245;38;5;245m█[48;5;88m▄[48;5;173;38;5;88m▄[38;5;173m█[38;5;173m▄[48;5;173;38;5;223m▄▄▄[48;5;173m▄[48;5;223m██[38;5;173m▄▄[38;5;173m▄[48;5;173;38;5;88m▄[48;5;173;38;5;173m█[48;5;52m▄[48;5;52;38;5;52m▄[38;5;52m███[48;5;52;38;5;52m█[38;5;88m▄[48;5;173m▄▄[48;5;88;38;5;187m▄[48;5;88;38;5;173m▄▄[48;5;173;38;5;173m██[38;5;173m▄[48;5;88;38;5;88m█[48;5;173;38;5;173m█[48;5;173;38;5;173m█[48;5;223m▄[48;5;173;38;5;173m█[49;39m         [00m
      [48;5;240;38;5;238m▄[48;5;245;38;5;240m▄[38;5;245m█[48;5;88m▄[48;5;173;38;5;88m▄[38;5;173m█[48;5;173m▄▄[48;5;223m▄▄[48;5;173m▄[48;5;173m██[38;5;88m▄[48;5;88;38;5;173m▄[48;5;173m██[38;5;88m▄[48;5;52;38;5;52m█[48;5;52m▄[48;5;52;38;5;173m▄[38;5;238m▄[48;5;255;38;5;255m██[48;5;245;38;5;245m█[48;5;255;38;5;255m█[48;5;187;38;5;187m█[48;5;173;38;5;173m████[38;5;88m▄[48;5;88;38;5;173m▄[48;5;173m█[48;5;173m▄[38;5;173m█[48;5;173;38;5;173m█[48;5;88;38;5;88m█[49;39m        [00m
      [48;5;245;38;5;245m█[48;5;240m▄[48;5;245;38;5;240m▄[38;5;245m██[48;5;88;38;5;88m█[48;5;173;38;5;173m█[38;5;173m▄[48;5;173m██[38;5;88m▄[48;5;173m▄[48;5;88m█[48;5;173;38;5;88m▄▄[48;5;88;38;5;255m▄[48;5;88m▄▄[48;5;255;38;5;245m▄[38;5;255m█[48;5;238m▄[48;5;245;38;5;245m█[48;5;255;38;5;255m█[48;5;245;38;5;245m█[48;5;255;38;5;255m██[48;5;187;38;5;240m▄[48;5;88;38;5;88m▄[48;5;173;38;5;88m▄▄[38;5;88m▄[48;5;88;38;5;88m▄[48;5;88;38;5;173m▄[48;5;173m▄[38;5;223m▄▄[48;5;173m▄[48;5;173;38;5;173m█[49;38;5;88m▄[39m       [00m
      [48;5;245;38;5;240m▄[38;5;245m█████[48;5;88m▄[48;5;173m▄▄[48;5;88m▄[48;5;88m▄▄[48;5;245m█[48;5;255m▄▄▄[38;5;255m██[48;5;245;38;5;240m▄[48;5;255;38;5;255m██[48;5;238;38;5;238m█[48;5;240;38;5;245m▄[48;5;245m█[48;5;255m▄[48;5;245m█[48;5;238;38;5;238m█[49;39m [38;5;88m▀[48;5;88m█[38;5;173m▄[48;5;173m█[48;5;173;38;5;173m█[48;5;223;38;5;223m█████[48;5;173;38;5;173m█[49;38;5;88m▄[39m      [00m
      [38;5;238m▀[48;5;245m▄[38;5;245m██[48;5;240m▄[48;5;245;38;5;240m▄[38;5;245m████████████[48;5;240;38;5;240m█[48;5;245;38;5;245m██[48;5;238;38;5;238m█[48;5;245;38;5;245m███[38;5;240m▄[49;38;5;238m▀[39m  [48;5;88;38;5;88m█[48;5;173;38;5;173m█[48;5;173;38;5;173m██[48;5;223m▄▄▄[48;5;173m▄[38;5;173m██[48;5;88;38;5;173m▄[49;38;5;88m▄[39m     [00m
        [38;5;238m▀[48;5;240m▄[48;5;245m▄▄[48;5;238;38;5;232m▄[48;5;245;38;5;238m▄▄▄[38;5;245m█████[38;5;238m▄[38;5;240m▄[48;5;240;38;5;245m▄[48;5;245m█[38;5;238m▄[48;5;238;38;5;245m▄[48;5;245m██[38;5;238m▄[49;38;5;240m▀[48;5;238;38;5;223m▄[49;39m   [48;5;88;38;5;160m▄[48;5;173m▄[48;5;173m▄[38;5;173m██[38;5;173m▄[38;5;223m▄[48;5;173m▄[48;5;223m█[38;5;173m▄[48;5;173;38;5;88m▄[48;5;88;38;5;88m█[49;39m     [00m
                                                    [00m
